700 15960
 1601     1
 5719  4119
 2152   552
 2339   739
13463 11863
 9205  7605
11786 10186
16270 14670
 8157  6557
14619 13019
 3002  1402
14514 12914
 5482  3882
 2090   490
11038  9438
 4033  2433
 7231  5631
11680 10080
10463  8863
13298 11698
10205  8605
15211 13611
10125  8525
 5410  3810
 4928  3328
 9055  7455
11696 10096
10388  8788
12539 10939
 2115   515
 8556  6956
12249 10649
 6641  5041
 7686  6086
 4815  3215
12363 10763
16173 14573
11663 10063
10299  8699
 4019  2419
 3423  1823
 6194  4594
16875 15275
 9482  7882
 4468  2868
13758 12158
10659  9059
17245 15645
 9808  8208
12595 10995
16504 14904
15561 13961
13995 12395
14097 12497
 4025  2425
 9254  7654
14213 12613
 4043  2443
14585 12985
16193 14593
15943 14343
 9051  7451
15290 13690
 8001  6401
 3704  2104
 3823  2223
 2616  1016
 8234  6634
16664 15064
15553 13953
 7247  5647
 7168  5568
 6045  4445
 4228  2628
14857 13257
 8579  6979
 4487  2887
 4858  3258
 4168  2568
16153 14553
11682 10082
16674 15074
17549 15949
 5706  4106
13144 11544
 3855  2255
 9314  7714
11749 10149
 1840   240
 6612  5012
14442 12842
 7871  6271
15463 13863
 9372  7772
 5251  3651
12187 10587
13097 11497
 4822  3222
17173 15573
 9637  8037
 8428  6828
 7437  5837
 4346  2746
12825 11225
 7914  6314
 8917  7317
 7562  5962
 6145  4545
13113 11513
 3681  2081
 7617  6017
 7067  5467
 5128  3528
 9522  7922
 3727  2127
10584  8984
 6392  4792
 8298  6698
10813  9213
12545 10945
 4628  3028
 6335  4735
17527 15927
12149 10549
13551 11951
11658 10058
10234  8634
11661 10061
11609 10009
 9087  7487
 1883   283
13984 12384
 2365   765
 8056  6456
13553 11953
 7202  5602
 7834  6234
 4970  3370
14432 12832
 9447  7847
 4124  2524
 5112  3512
14019 12419
 2694  1094
10838  9238
 4262  2662
11125  9525
13272 11672
 3359  1759
 9894  8294
11772 10172
 5408  3808
 7558  5958
 7374  5774
 9235  7635
15428 13828
 6899  5299
12331 10731
14035 12435
11322  9722
 8795  7195
13487 11887
 8701  7101
12158 10558
 7967  6367
12805 11205
 9062  7462
 6207  4607
14850 13250
 3461  1861
 7295  5695
 8090  6490
 9029  7429
 4035  2435
 8448  6848
 2813  1213
 3937  2337
12482 10882
11441  9841
13742 12142
17505 15905
 2118   518
13781 12181
 9956  8356
 3801  2201
15303 13703
 6835  5235
13331 11731
 5126  3526
 8194  6594
 1858   258
 6469  4869
 4740  3140
 3625  2025
 3952  2352
 4260  2660
 6950  5350
 1850   250
 2831  1231
 9620  8020
 8309  6709
12141 10541
 9693  8093
 3581  1981
 4424  2824
15174 13574
10414  8814
 3622  2022
10621  9021
11851 10251
10680  9080
13117 11517
16977 15377
 6224  4624
 9211  7611
 2419   819
 6881  5281
 3438  1838
16843 15243
10436  8836
 5950  4350
 7058  5458
 7931  6331
 8916  7316
 9127  7527
15025 13425
 2088   488
15861 14261
10213  8613
 3993  2393
 7199  5599
 9669  8069
14152 12552
15843 14243
16364 14764
 4724  3124
15417 13817
17157 15557
 8320  6720
16932 15332
 4476  2876
14212 12612
 3454  1854
 5097  3497
 8325  6725
17094 15494
10146  8546
13808 12208
 6003  4403
 6789  5189
14158 12558
16955 15355
 5037  3437
 3680  2080
 9651  8051
13194 11594
 2328   728
 5515  3915
 1816   216
 9814  8214
17266 15666
16679 15079
 9674  8074
13686 12086
11470  9870
 3629  2029
 7840  6240
16869 15269
 9004  7404
 5379  3779
10666  9066
 9627  8027
 6836  5236
 6577  4977
 3574  1974
11287  9687
12175 10575
 6829  5229
 2302   702
 2174   574
15459 13859
 2130   530
 9009  7409
 6365  4765
 3305  1705
16367 14767
12060 10460
 7563  5963
10028  8428
 8700  7100
 4021  2421
11178  9578
 2399   799
17384 15784
15428 13828
 5964  4364
 9948  8348
 5646  4046
12527 10927
 2737  1137
11317  9717
 4165  2565
 7776  6176
11182  9582
14969 13369
 2710  1110
14229 12629
 4522  2922
 3717  2117
13449 11849
16451 14851
10947  9347
14851 13251
17560 15960
13160 11560
12814 11214
 7172  5572
 3781  2181
11500  9900
12795 11195
 9142  7542
10311  8711
 4979  3379
 8278  6678
 4162  2562
17503 15903
 9154  7554
 5225  3625
 9668  8068
 6218  4618
10187  8587
15039 13439
13800 12200
 8143  6543
 1750   150
11267  9667
13470 11870
 4088  2488
 7118  5518
 2055   455
14585 12985
16605 15005
12198 10598
14818 13218
15657 14057
 3355  1755
 8294  6694
 3377  1777
 9491  7891
11620 10020
16342 14742
14973 13373
17034 15434
 6193  4593
 4165  2565
 6589  4989
 8621  7021
10386  8786
11254  9654
 7282  5682
 9437  7837
 6949  5349
15272 13672
14192 12592
14552 12952
 2341   741
 8385  6785
15165 13565
 8055  6455
15514 13914
 4630  3030
 6290  4690
 5248  3648
10414  8814
16857 15257
 7806  6206
12329 10729
 2336   736
 3360  1760
12714 11114
 2218   618
 4689  3089
 2446   846
 9271  7671
 7165  5565
 9980  8380
12320 10720
10948  9348
11829 10229
14211 12611
 6294  4694
10891  9291
 7416  5816
13540 11940
11259  9659
 3627  2027
 4251  2651
12746 11146
 1747   147
16512 14912
 8536  6936
 5696  4096
 1761   161
12974 11374
 3118  1518
17152 15552
 2834  1234
10557  8957
 1878   278
12394 10794
 1801   201
14686 13086
 6109  4509
 8336  6736
 8392  6792
15820 14220
10851  9251
16238 14638
 4728  3128
10574  8974
10094  8494
13879 12279
 5205  3605
 8153  6553
 6764  5164
 5066  3466
 3128  1528
 3154  1554
 4675  3075
12868 11268
 2754  1154
 6384  4784
14743 13143
 6063  4463
 8098  6498
 3264  1664
16279 14679
13015 11415
15492 13892
14402 12802
 3076  1476
 2749  1149
 8727  7127
 3633  2033
 9280  7680
 5541  3941
 3768  2168
15328 13728
 3726  2126
 5962  4362
 4672  3072
 3264  1664
14060 12460
14770 13170
14695 13095
 6142  4542
 2058   458
10396  8796
10707  9107
 4681  3081
16998 15398
 4885  3285
12481 10881
 3889  2289
 6661  5061
16169 14569
 5839  4239
 1963   363
 8655  7055
12343 10743
17379 15779
13745 12145
15368 13768
16094 14494
 6332  4732
13062 11462
14567 12967
 2323   723
15635 14035
 5911  4311
 2645  1045
 4309  2709
 4077  2477
 9725  8125
 7107  5507
 5495  3895
17280 15680
 9119  7519
11944 10344
 9500  7900
 3007  1407
 1653    53
 5014  3414
 4930  3330
15620 14020
 5991  4391
 9208  7608
 9204  7604
 5593  3993
15828 14228
16874 15274
13987 12387
 5731  4131
16430 14830
 6325  4725
 5007  3407
13420 11820
 5826  4226
 6374  4774
 2912  1312
15116 13516
 5013  3413
 3977  2377
 5841  4241
15474 13874
 9194  7594
17415 15815
14988 13388
 2132   532
 2273   673
 3481  1881
 2064   464
14833 13233
17209 15609
12136 10536
 4686  3086
16831 15231
 3126  1526
14787 13187
 5332  3732
 8631  7031
16414 14814
16892 15292
 8352  6752
10041  8441
 9309  7709
 7647  6047
 9623  8023
13596 11996
 8392  6792
 4432  2832
15886 14286
 5846  4246
15358 13758
 4608  3008
 7556  5956
 5573  3973
 2283   683
 5196  3596
12019 10419
13464 11864
 6502  4902
11826 10226
12859 11259
 5725  4125
14330 12730
 7536  5936
13375 11775
14119 12519
 9026  7426
10171  8571
 6283  4683
12379 10779
15213 13613
 9497  7897
11826 10226
15895 14295
16738 15138
10843  9243
 2615  1015
 8768  7168
11389  9789
11067  9467
13345 11745
12199 10599
 2806  1206
13582 11982
 3506  1906
 4824  3224
 2915  1315
 6181  4581
14768 13168
 9726  8126
 2644  1044
 2246   646
 3170  1570
11638 10038
 5916  4316
12098 10498
 3863  2263
 1774   174
12335 10735
 8627  7027
10591  8991
10170  8570
14119 12519
 2772  1172
13277 11677
 6579  4979
16481 14881
 9981  8381
 7348  5748
13900 12300
 3268  1668
16697 15097
 6687  5087
13875 12275
17185 15585
17029 15429
10397  8797
 7071  5471
 6198  4598
12200 10600
 6089  4489
 8252  6652
17101 15501
 4266  2666
10056  8456
 9265  7665
15746 14146
16242 14642
16987 15387
 9802  8202
 7969  6369
 3200  1600
 9236  7636
10951  9351
14254 12654
11971 10371
13349 11749
 5824  4224
17406 15806
 2967  1367
13651 12051
13107 11507
10626  9026
11871 10271
16650 15050
10924  9324
15652 14052
 3516  1916
12427 10827
 3471  1871
 5833  4233
14823 13223
17472 15872
17029 15429
12791 11191
 8881  7281
 2737  1137
 3457  1857
 2960  1360
 9620  8020
16270 14670
 2414   814
 3133  1533
10228  8628
 3692  2092
 8439  6839
 2278   678
 4344  2744
 3341  1741
15730 14130
17373 15773
15104 13504
 9816  8216
 4330  2730
 4250  2650
16066 14466
 4711  3111
 5575  3975
16033 14433
16772 15172
 2879  1279
15644 14044
 3840  2240
 6776  5176
 4891  3291
 6797  5197
11636 10036
 8879  7279
16609 15009
 4059  2459
 5036  3436
13883 12283
 5942  4342
15758 14158
 2085   485
 5862  4262
 9517  7917
 1854   254
10292  8692
 6536  4936
14618 13018
 6781  5181
10914  9314
14217 12617
 6021  4421
 1636    36
16113 14513
