1000 16991
 1701     1
 9819  8119
10252  8552
 5439  3739
 4563  2863
10305  8605
11886 10186
14370 12670
12257 10557
16719 15019
 6102  4402
 8614  6914
15582 13882
11190  9490
 5138  3438
 5133  3433
17331 15631
 2780  1080
 9563  7863
11398  9698
14305 12605
10311  8611
 7225  5525
14510 12810
 4028  2328
 9155  7455
13796 12096
 9488  7788
12639 10939
 6215  4515
 9656  7956
15349 13649
10741  9041
 9786  8086
 9915  8215
 2463   763
11273  9573
17763 16063
10399  8699
 3119  1419
 6523  4823
 8294  6594
 7975  6275
 3582  1882
10568  8868
 3858  2158
15759 14059
17345 15645
 2908  1208
14695 12995
12604 10904
10661  8961
12095 10395
18197 16497
10125  8425
13354 11654
14313 12613
17143 15443
11685  9985
 5293  3593
18043 16343
 4151  2451
16390 14690
14101 12401
 6804  5104
 9923  8223
 2716  1016
 7334  5634
 7764  6064
11653  9953
10347  8647
13268 11568
16145 14445
 7328  5628
 4957  3257
 6679  4979
11587  9887
16958 15258
 5268  3568
 2253   553
15782 14082
 7774  6074
 2649   949
 4806  3106
11244  9544
14955 13255
10414  8714
 4849  3149
 3940  2240
 6712  5012
13542 11842
14971 13271
 4563  2863
13472 11772
 4351  2651
 5287  3587
12197 10497
16922 15222
17273 15573
 4737  3037
14528 12828
 3537  1837
 4446  2746
10925  9225
11014  9314
11017  9317
 9662  7962
13245 11545
 8213  6513
 1781    81
 4717  3017
 6167  4467
 2228   528
 6622  4922
 4827  3127
 9684  7984
 2492   792
10398  8698
 7913  6213
18645 16945
11728 10028
17435 15735
 7627  5927
 9249  7549
 4651  2951
15758 14058
15334 13634
12761 11061
11709 10009
12187 10487
 4983  3283
15084 13384
 4465  2765
 6156  4456
 5653  3953
13302 11602
 2934  1234
11070  9370
 6532  4832
16547 14847
 8224  6524
15212 13512
 7119  5419
 9794  8094
17938 16238
15362 13662
17225 15525
10372  8672
18459 16759
16994 15294
 1872   172
 2508   808
 3658  1958
 6474  4774
 2335   635
12528 10828
12999 11299
18431 16731
 2135   435
 3422  1722
14895 13195
15587 13887
 8801  7101
11258  9558
 8067  6367
 1905   205
 8162  6462
10307  8607
14950 13250
11561  9861
12395 10695
 3190  1490
 8129  6429
13135 11435
 4548  2848
 2913  1213
 8037  6337
14582 12882
 4541  2841
17842 16142
15605 13905
16218 14518
14881 13181
 5056  3356
 9901  8201
15403 13703
15935 14235
17431 15731
 3226  1526
 9294  7594
10958  9258
 2569   869
 5840  4140
 3725  2025
 4052  2352
14360 12660
 7050  5350
 8950  7250
 2931  1231
13720 12020
 5409  3709
13241 11541
 9793  8093
10681  8981
16524 14824
13274 11574
 4514  2814
 7722  6022
10721  9021
15951 14251
17780 16080
 8217  6517
 8077  6377
18324 16624
12311 10611
13519 11819
 7981  6281
11538  9838
11943 10243
 3536  1836
 2050   350
15158 13458
15031 13331
10016  8316
 8227  6527
 2125   425
16188 14488
 6961  5261
 3313  1613
17093 15393
 8299  6599
 1769    69
 5252  3552
14943 13243
17464 15764
12824 11124
13517 11817
 2257   557
 9420  7720
 7032  5332
12576 10876
10312  8612
15554 13854
 4197  2497
18425 16725
17194 15494
11246  9546
 4908  3208
13103 11403
 5889  4189
 9258  7558
13055 11355
13137 11437
 7780  6080
10751  9051
 2294   594
18428 16728
16615 14915
 4916  3216
 4914  3214
12366 10666
 6779  5079
 4774  3074
 8786  7086
13570 11870
 5729  4029
 6940  5240
 8969  7269
 7104  5404
10479  8779
 6766  5066
 3727  2027
 5936  4236
17677 15977
17674 15974
 7387  5687
 6275  4575
 8929  7229
 4402  2702
 2274   574
18559 16859
17230 15530
15109 13409
11465  9765
15405 13705
 4467  2767
18160 16460
12663 10963
 6128  4428
15800 14100
15121 13421
 8278  6578
 4499  2799
16484 14784
13528 11828
12064 10364
15048 13348
 7746  6046
17627 15927
12837 11137
 3417  1717
 8265  6565
10876  9176
12282 10582
14069 12369
 6810  5110
 2329   629
13622 11922
16817 15117
10549  8849
16551 14851
11047  9347
12951 11251
 7660  5960
 5260  3560
11914 10214
13272 11572
15881 14181
17600 15900
11895 10195
 3242  1542
10411  8711
 8079  6379
14378 12678
 2262   562
 3603  1903
12254 10554
 9325  7625
 3768  2068
 7318  5618
15287 13587
10139  8439
 6900  5200
12243 10543
 5850  4150
 4367  2667
13570 11870
 5188  3488
 4218  2518
 2155   455
17685 15985
 1705     5
14298 12598
13918 12218
10757  9057
 3455  1755
16394 14694
 6477  4777
 7591  5891
14720 13020
 5442  3742
 5073  3373
 9134  7434
14293 12593
17265 15565
12689 10989
 1721    21
10486  8786
 3354  1654
 2382   682
12537 10837
 5049  3349
 5372  3672
 5292  3592
10652  8952
14441 12741
10485  8785
 4265  2565
16155 14455
14614 12914
11730 10030
 7390  5690
10348  8648
 6514  4814
 4957  3257
10906  9206
15429 13729
15436 13736
16460 14760
 2814  1114
 6318  4618
 5789  4089
 2546   846
12371 10671
 5265  3565
13080 11380
17420 15720
17048 15348
 9929  8229
12311 10611
 4394  2694
 2991  1291
13516 11816
 4640  2940
 8359  6659
 5727  4027
 6351  4651
12846 11146
 6847  5147
 9612  7912
15636 13936
 3796  2096
 2861  1161
10074  8374
 7218  5518
 2252   552
 7934  6234
11657  9957
 8978  7278
 7494  5794
 6901  5201
16786 15086
 4209  2509
11436  9736
16492 14792
15920 14220
 7951  6251
12338 10638
13828 12128
 3674  1974
17194 15494
 5979  4279
 7305  5605
13253 11553
 1864   164
10166  8466
16228 14528
17254 15554
 6775  5075
 6968  5268
13854 12154
18484 16784
 7843  6143
12163 10463
 2198   498
11364  9664
17379 15679
 9115  7415
 5592  3892
 7502  5802
14176 12476
13849 12149
 7827  6127
 6733  5033
11380  9680
 3641  1941
16868 15168
 9428  7728
 3826  2126
 8062  6362
12772 11072
15364 13664
 8160  6460
12870 11170
 7795  6095
14242 12542
 5158  3458
 2496   796
15807 14107
 8781  7081
 2098   398
 8985  7285
 3581  1881
 1989   289
16761 15061
18269 16569
 6939  5239
 4063  2363
16755 15055
16443 14743
 2479   779
17845 16145
14468 12768
15194 13494
 4432  2732
 6162  4462
16667 14967
10423  8723
16735 15035
12011 10311
15745 14045
 5409  3709
18177 16477
17825 16125
 5207  3507
16595 14895
18380 16680
 9219  7519
17044 15344
15600 13900
16107 14407
 1753    53
 9114  7414
10030  8330
 1720    20
 2091   391
 2308   608
11304  9604
15693 13993
10928  9228
13974 12274
 5087  3387
 6831  5131
 2530   830
17425 15725
10107  8407
18520 16820
17926 16226
18474 16774
 4012  2312
16216 14516
15113 13413
 4077  2377
12941 11241
12574 10874
 4294  2594
 6515  4815
 4088  2388
11232  9532
15373 13673
17581 15881
16164 14464
16933 15233
 9309  7609
 9236  7536
14786 13086
10931  9231
13226 11526
 5887  4187
11432  9732
 2731  1031
11514  9814
 5992  4292
13452 11752
11141  9441
16409 14709
 9747  8047
11723 10023
10696  8996
 8492  6792
15532 13832
 2986  1286
 4946  3246
 7458  5758
11708 10008
12656 10956
16673 14973
15383 13683
16296 14596
 6119  4419
 4564  2864
 5602  3902
 1926   226
12959 11259
11825 10125
 9430  7730
15636 13936
 5475  3775
 2219   519
 2126   426
11271  9571
18383 16683
 3479  1779
 9313  7613
 9597  7897
 5926  4226
17995 16295
 7838  6138
14943 13243
 1715    15
 3868  2168
12489 10789
 8167  6467
 2445   745
17299 15599
 8906  7206
15682 13982
15606 13906
16924 15224
13015 11315
14281 12581
 4868  3168
17826 16126
 7744  6044
 2346   646
 5270  3570
11738 10038
13016 11316
15198 13498
 9963  8263
16874 15174
 7435  5735
 8727  7027
18691 16991
17270 15570
17219 15519
12872 11172
18377 16677
15679 13979
12581 10881
 2081   381
 4448  2748
 6000  4300
15368 13668
 8797  7097
 6787  5087
 9975  8275
 7285  5585
 2129   429
 2497   797
17171 15471
 9298  7598
15300 13600
18189 16489
 4352  2652
10201  8501
 5366  3666
 5156  3456
 8365  6665
 8846  7146
 7342  5642
18087 16387
 9902  8202
15069 13369
11300  9600
11336  9636
 5051  3351
 7354  5654
 5071  3371
13449 11749
 1924   224
12506 10806
17067 15367
12751 11051
14207 12507
16726 15026
 2971  1271
 3750  2050
 7024  5324
12752 11052
10616  8916
 2527   827
 4571  2871
 1933   233
 4923  3223
 6572  4872
 8129  6429
16891 15191
14981 13281
 5837  4137
 8557  6857
18060 16360
 1720    20
10370  8670
 6514  4814
 8233  6533
17328 15628
 1792    92
16539 14839
 5378  3678
11444  9744
 3441  1741
13830 12130
18473 16773
 3204  1504
 5916  4216
 8430  6730
 2350   650
13166 11466
 2811  1111
16675 14975
14133 12433
14872 13172
12979 11279
12744 11044
14940 13240
14876 13176
 3991  2291
12897 11197
 2736  1036
 8979  7279
 1709     9
 4159  2459
 2136   436
16983 15283
13042 11342
 8858  7158
13185 11485
14962 13262
 7617  5917
17954 16254
16392 14692
13636 11936
17718 16018
14881 13181
 7014  5314
 3317  1617
 3121  1421
 6736  5036
17213 15513
11280  9580
 8054  6354
17829 16129
 6081  4381
 6431  4731
 9730  8030
 7974  6274
 2554   854
17777 16077
13888 12188
 3285  1585
16990 15290
 7829  6129
 3937  2237
 6007  4307
10379  8679
 9713  8013
12769 11069
 6954  5254
17090 15390
 2676   976
13350 11650
 7627  5927
 8575  6875
11540  9840
 4788  3088
10026  8326
11557  9857
 7828  6128
 7532  5832
 6322  4622
 9758  8058
17158 15458
 3555  1855
11265  9565
11944 10244
18329 16629
16574 14874
16200 14500
10868  9168
 5167  3467
11875 10175
 7727  6027
17640 15940
 3678  1978
16123 14423
13945 12245
18219 16519
17761 16061
 3852  2152
18135 16435
11776 10076
10002  8302
12171 10471
15451 13751
18404 16704
 4158  2458
 4191  2491
10795  9095
 3298  1598
16876 15176
 8112  6412
 9152  7452
 4294  2594
13620 11920
 3029  1329
11123  9423
 8863  7163
 7609  5909
17157 15457
11091  9391
12605 10905
 9954  8254
 4350  2650
15237 13537
 6833  5133
18234 16534
 3954  2254
 2672   972
 6564  4864
 8386  6686
 8767  7067
 7211  5511
14256 12556
11152  9452
11333  9633
 6622  4922
16490 14790
 7759  6059
 7138  5438
 7170  5470
 5321  3621
 1786    86
16097 14397
 2558   858
15025 13325
11774 10074
 9970  8270
 4863  3163
18648 16948
 7883  6183
11027  9327
17242 15542
17730 16030
 4390  2690
 6211  4511
 2441   741
12927 11227
12342 10642
 4007  2307
 9697  7997
 6425  4725
 5465  3765
 4430  2730
 9620  7920
11388  9688
 8419  6719
 1991   291
 8279  6579
 4494  2794
 9819  8119
12730 11030
 2826  1126
13975 12275
 5097  3397
15964 14264
17783 16083
 4786  3086
11607  9907
10964  9264
11737 10037
 1832   132
11276  9576
13914 12214
 4179  2479
15430 13730
10815  9115
 9551  7851
11561  9861
 8349  6649
 6398  4698
11000  9300
12775 11075
11103  9403
 5498  3798
 7268  5568
 5821  4121
15689 13989
17127 15427
 2757  1057
 4091  2391
16708 15008
17877 16177
11139  9439
10527  8827
 2110   410
 8070  6370
 5524  3824
10360  8660
 8445  6745
 5461  3761
12008 10308
 8789  7089
13884 12184
 9087  7387
 6008  4308
11663  9963
16702 15002
 8529  6829
 8046  6346
10080  8380
 5206  3506
10485  8785
 3208  1508
 7967  6267
 3833  2133
10818  9118
 8654  6954
 5898  4198
18388 16688
11030  9330
16819 15119
 6102  4402
12959 11259
 7931  6231
 5697  3997
 2373   673
 9547  7847
 5956  4256
16421 14721
16260 14560
10871  9171
 8203  6503
 6057  4357
 9832  8132
 6910  5210
 3016  1316
 4072  2372
16461 14761
10565  8865
 6535  4835
 8308  6608
 5059  3359
 7912  6212
 3839  2139
 5643  3943
 9093  7393
 9516  7816
 3115  1415
13664 11964
 1967   267
 6559  4859
 9086  7386
15654 13954
14971 13271
12956 11256
15616 13916
 8904  7204
 7760  6060
12922 11222
 3063  1363
12075 10375
 4280  2580
10884  9184
 3444  1744
11197  9497
18133 16433
 2259   559
 8516  6816
 4358  2658
13439 11739
10256  8556
17343 15643
12740 11040
12540 10840
12102 10402
17960 16260
14462 12762
 2268   568
 6587  4887
 9578  7878
18406 16706
 4104  2404
13224 11524
12067 10367
 6817  5117
 8999  7299
 3102  1402
15743 14043
14483 12783
 7388  5688
 2520   820
10476  8776
 5723  4023
 4776  3076
 6591  4891
 4997  3297
 6502  4802
 1975   275
 5304  3604
 4358  2658
 4135  2435
10762  9062
 8858  7158
 9563  7863
13220 11520
10552  8852
 9724  8024
18421 16721
 4164  2464
 4305  2605
 7371  5671
16754 15054
 6700  5000
 7665  5965
13585 11885
 2216   516
16096 14396
 9110  7410
13817 12117
14286 12586
 3895  2195
 2894  1194
13951 12251
12718 11018
 2712  1012
 2087   387
 5117  3417
 5411  3711
14785 13085
 3668  1968
 2815  1115
10979  9279
17510 15810
 2049   349
 3952  2252
 4369  2669
10102  8402
13380 11680
13526 11826
