1000 15100
 1501     1
 2619  1119
 4052  2552
 7239  5739
14363 12863
 4105  2605
 2686  1186
 9170  7670
 2057   557
 6519  5019
 2902  1402
12414 10914
 9382  7882
11990 10490
 6938  5438
 9933  8433
13131 11631
13580 12080
 3363  1863
10198  8698
12105 10605
 8111  6611
 7025  5525
15310 13810
10828  9328
15955 14455
11596 10096
 4288  2788
 9439  7939
 5015  3515
16456 14956
10149  8649
13541 12041
10586  9086
 9715  8215
 7263  5763
11073  9573
13563 12063
16199 14699
 9919  8419
 3323  1823
11094  9594
11775 10275
 2382   882
11368  9868
 3658  2158
 2559  1059
10145  8645
 3708  2208
13495 11995
 4404  2904
 6461  4961
11895 10395
 2997  1497
10925  9425
14154 12654
 6113  4613
 6943  5443
 6485  4985
14093 12593
11843 10343
 7951  6451
12190 10690
 9901  8401
13604 12104
 5723  4223
13516 12016
 2134   634
 3564  2064
 7453  5953
13147 11647
 2068   568
13945 12445
15128 13628
 7757  6257
 6479  4979
11387  9887
 4758  3258
 9068  7568
 9053  7553
 8582  7082
 8574  7074
12449 10949
13606 12106
15044 13544
 2755  1255
 5214  3714
 9649  8149
 6740  5240
15512 14012
 2342   842
12771 11271
 2363   863
15272 13772
14151 12651
10087  8587
 6997  5497
 2722  1222
 3073  1573
 8537  7037
 2328   828
 8337  6837
14246 12746
14725 13225
11814 10314
 5817  4317
10462  8962
10045  8545
15013 13513
13581 12081
 8517  7017
 9967  8467
 9028  7528
 8422  6922
 6627  5127
 2484   984
15292 13792
 9198  7698
12713 11213
 2445   945
15528 14028
 5235  3735
 3427  1927
 4049  2549
 8451  6951
 6558  5058
 3134  1634
11561 10061
 9509  8009
15987 14487
 4783  3283
 5884  4384
16265 14765
10956  9456
 4453  2953
 8102  6602
 5734  4234
14870 13370
 3332  1832
15347 13847
 8024  6524
 2012   512
14919 13419
12594 11094
 4738  3238
13162 11662
15025 13525
12172 10672
15259 13759
 6794  5294
 1672   172
 7308  5808
 8458  6958
11274  9774
 3135  1635
 6328  4828
 2799  1299
12231 10731
15935 14435
12222 10722
 9695  8195
13387 11887
 9601  8101
 9058  7558
 5867  4367
 4705  3205
 3962  2462
16107 14607
 7750  6250
14361 12861
15195 13695
 5990  4490
 3929  2429
 5935  4435
15348 13848
 1713   213
 5837  4337
14382 12882
13341 11841
 2642  1142
10405  8905
10018  8518
 2681  1181
 5856  4356
12701 11201
11203  9703
15735 14235
10231  8731
 9026  7526
 7094  5594
 1758   258
 5369  3869
 7640  6140
10525  9025
14852 13352
 5160  3660
 3850  2350
10750  9250
 9731  8231
 7520  6020
 3209  1709
14041 12541
 1593    93
10481  8981
12324 10824
 8074  6574
12314 10814
11522 10022
15521 14021
 1751   251
12580 11080
 2017   517
 4877  3377
15124 13624
10111  8611
11319  9819
12781 11281
 3338  1838
10743  9243
12336 10836
13850 12350
15958 14458
 7831  6331
10816  9316
 3027  1527
 1925   425
 9988  8488
10761  9261
 9113  7613
 4893  3393
 2099   599
13569 12069
14052 12552
15743 14243
11264  9764
 5624  4124
 8317  6817
13057 11557
10220  8720
10832  9332
 7376  5876
 5112  3612
 8354  6854
15997 14497
 8225  6725
14994 13494
 7046  5546
13708 12208
12903 11403
13689 12189
14058 12558
11855 10355
 5937  4437
11580 10080
 3551  2051
10094  8594
 4228  2728
10415  8915
13716 12216
11714 10214
 6166  4666
 1579    79
 1574    74
 4586  3086
12370 10870
 2529  1029
 7740  6240
 3769  2269
 9904  8404
 6279  4779
 9566  8066
 9527  8027
 4736  3236
15477 13977
10474  8974
 7187  5687
 8075  6575
14729 13229
12202 10702
11074  9574
15359 13859
 3030  1530
 9909  8409
 2265   765
 2205   705
16267 14767
 5960  4460
 9463  7963
12928 11428
 7600  6100
 2921  1421
 8078  6578
 7299  5799
10284  8784
12328 10828
10864  9364
 6848  5348
 9546  8046
 6427  4927
10637  9137
 2217   717
15065 13565
 5676  4176
10082  8582
 4869  3369
 4610  3110
11129  9629
 9422  7922
 9617  8117
 6349  4849
13351 11851
12847 11347
15751 14251
13460 11960
 7060  5560
12714 11214
 7072  5572
15681 14181
 5400  3900
 8695  7195
11042  9542
 6211  4711
 4879  3379
 8178  6678
 5062  3562
10403  8903
10054  8554
 5125  3625
 5568  4068
 6118  4618
11087  9587
 4939  3439
 5700  4200
14043 12543
 3650  2150
 7167  5667
 5370  3870
12988 11488
 9018  7518
14955 13455
14485 12985
15505 14005
11098  9598
10718  9218
10557  9057
 9255  7755
13194 11694
 3277  1777
 2391   891
10520  9020
 9242  7742
 9873  8373
 2934  1434
11093  9593
 2065   565
12489 10989
 7521  6021
 4286  2786
16154 14654
15182 13682
 8337  6837
 5849  4349
10172  8672
 5092  3592
11452  9952
10241  8741
 8285  6785
14065 12565
12955 11455
15414 13914
10530  9030
13190 11690
11148  9648
10314  8814
 8757  7257
13706 12206
13229 11729
 5236  3736
15260 13760
11614 10114
11118  9618
 9589  8089
16346 14846
11171  9671
 6065  4565
 3880  2380
15220 13720
 3848  2348
14729 13229
16111 14611
15194 13694
 9791  8291
 2316   816
12440 10940
 9159  7659
10527  9027
11151  9651
12646 11146
12647 11147
13412 11912
 7436  5936
 4596  3096
12661 11161
 2874  1374
16018 14518
14052 12552
10734  9234
 2457   957
 4778  3278
14294 12794
 3701  2201
 6586  5086
 5009  3509
16236 14736
 7292  5792
10720  9220
12751 11251
 6138  4638
12628 11128
 4474  2974
 9994  8494
10779  9279
 6105  4605
 6053  4553
 7664  6164
 4966  3466
12028 10528
16054 14554
 3575  2075
 7768  6268
 7654  6154
 8284  6784
 6643  5143
 9963  8463
 5998  4498
10164  8664
13179 11679
14915 13415
 4392  2892
 7302  5802
 2976  1476
14649 13149
10627  9127
 2533  1033
12180 10680
 8441  6941
 8668  7168
 8228  6728
 9626  8126
 4862  3362
 6572  5072
 2164   664
11960 10460
14670 13170
 9595  8095
 3042  1542
14958 13458
 2296   796
 9607  8107
 4581  3081
 2898  1398
15785 14285
12381 10881
13789 12289
 7561  6061
15069 13569
 2739  1239
12863 11363
 8555  7055
15243 13743
 8279  6779
10645  9145
 7268  5768
15994 14494
 6232  4732
 1962   462
14467 12967
 8223  6723
 1535    35
 1811   311
 5545  4045
12209 10709
 4977  3477
15625 14125
12007 10507
 6395  4895
 4180  2680
 4019  2519
12844 11344
13400 11900
 2907  1407
 8553  7053
13914 12414
15830 14330
 9520  8020
 6891  5391
 3108  1608
 9104  7604
16493 14993
11728 10228
 4774  3274
14887 13387
 6631  5131
12330 10830
 8225  6725
14907 13407
11320  9820
10726  9226
 6274  4774
 4812  3312
10016  8516
13913 12413
14877 13377
14741 13241
13374 11874
14094 12594
11315  9815
 9888  8388
10032  8532
 8173  6673
12381 10881
 9964  8464
 5733  4233
 8109  6609
11036  9536
 6586  5086
 2731  1231
 3026  1526
 4687  3187
12232 10732
 3531  2031
11314  9814
12792 11292
13252 11752
 3941  2441
 5209  3709
 4547  3047
 5523  4023
 9496  7996
13292 11792
12332 10832
10786  9286
10746  9246
 4258  2758
 9508  8008
 9456  7956
15473 13973
15183 13683
 6096  4596
 2919  1419
16364 14864
11402  9902
14726 13226
 7759  6259
 9625  8125
 3230  1730
 3436  1936
 5275  3775
 2019   519
 1926   426
13071 11571
 7183  5683
12279 10779
11113  9613
 2397   897
11726 10226
 6795  5295
 2638  1138
15743 14243
10515  9015
14668 13168
 4289  2789
 9967  8467
15245 13745
16099 14599
 4706  3206
 4482  2982
15406 13906
 6724  5224
 1815   315
 3081  1581
 7668  6168
 2626  1126
10544  9044
12146 10646
 7070  5570
 3538  2038
 8816  7316
10998  9498
 9763  8263
 5674  4174
 4235  2735
14527 13027
12491 10991
 4070  2570
11019  9519
 7672  6172
14177 12677
16479 14979
 6381  4881
 9881  8381
 7248  5748
 7800  6300
14168 12668
 7597  6097
 3587  2087
 9775  8275
 9085  7585
 9929  8429
 4297  2797
 6971  5471
10098  8598
12100 10600
12989 11489
 3152  1652
15001 13501
 9166  7666
 7956  6456
 7165  5665
 8646  7146
15142 13642
10887  9387
10702  9202
 9869  8369
 2100   600
 3136  1636
14851 13351
10154  8654
 1871   371
 3249  1749
 8724  7224
 4306  2806
 9867  8367
 7551  6051
12007 10507
 2526  1026
 9771  8271
13550 12050
 4824  3324
15552 14052
14416 12916
 5327  3827
13371 11871
 6733  5233
 9723  8223
 6372  4872
14929 13429
 7691  6191
 3781  2281
15637 14137
13357 11857
 8860  7360
12520 11020
13170 11670
 8314  6814
10033  8533
11128  9628
 7592  6092
 9339  7839
12178 10678
 5244  3744
 4241  2741
 9630  8130
15273 13773
13004 11504
14716 13216
 3230  1730
14150 12650
 5966  4466
10611  9111
11475  9975
 5933  4433
14672 13172
 1779   279
 2544  1044
 6740  5240
 7676  6176
 9791  8291
 2697  1197
 5536  4036
10779  9279
 3509  2009
 2959  1459
 9936  8436
10783  9283
 2842  1342
14658 13158
 5985  4485
10762  9262
 7417  5917
 5754  4254
12192 10692
15436 13936
15518 14018
 3681  2181
 3814  2314
 7117  5617
 1921   421
12536 11036
12013 10513
 3080  1580
11854 10354
 2629  1129
 2881  1381
12231 10731
10530  9030
13774 12274
 6354  4854
 2577  1077
14688 13188
 5085  3585
 1790   290
 4629  3129
 5737  4237
 2807  1307
 2179   679
 4513  3013
 4569  3069
10754  9254
 3890  2390
16476 14976
 4150  2650
 7427  5927
 3375  1875
 6340  4840
 5588  4088
14826 13326
 5357  3857
11628 10128
 4332  2832
 9122  7622
 1558    58
15958 14458
 6355  4855
 6065  4565
 9744  8244
 5129  3629
13374 11874
 7000  5500
 6668  5168
12967 11467
12675 11175
11527 10027
12440 10940
 6478  4978
 7923  6423
11745 10245
16019 14519
15561 14061
 5652  4152
12935 11435
 5576  4076
 1802   302
 1971   471
 6251  4751
16204 14704
 5958  4458
13991 12491
15595 14095
 9098  7598
 3676  2176
 7912  6412
 7952  6452
 7094  5594
 3420  1920
 7829  6329
 7923  6423
 7663  6163
16409 14909
 6957  5457
 2891  1391
 9405  7905
 9754  8254
 6150  4650
10037  8537
 3633  2133
15034 13534
 2754  1254
 5472  3972
 9364  7864
16186 14686
15567 14067
16011 14511
 3056  1556
 9952  8452
10133  8633
15422 13922
16290 14790
15559 14059
 2938  1438
 5970  4470
 5121  3621
13586 12086
13897 12397
16358 14858
12825 11325
 8574  7074
10770  9270
 5663  4163
10448  8948
 9683  8183
 2827  1327
11042  9542
 8530  7030
10190  8690
 8011  6511
 2241   741
 5727  4227
16142 14642
 9807  8307
10497  8997
 9225  7725
 9265  7765
14230 12730
 9420  7920
16188 14688
16219 14719
11791 10291
 2079   579
 2294   794
 7619  6119
12530 11030
 5626  4126
14775 13275
 2897  1397
14764 13264
 6583  5083
 1586    86
11407  9907
 1764   264
 6537  5037
15632 14132
12076 10576
 2714  1214
 9979  8479
13230 11730
 9615  8115
 6351  4851
 8361  6861
13149 11649
 8198  6698
14800 13300
13575 12075
15903 14403
 4298  2798
 9068  7568
 9621  8121
13489 11989
 8927  7427
 1557    57
 6891  5391
15508 14008
 5677  4177
 6939  5439
 6327  4827
 6910  5410
13870 12370
 5324  3824
16160 14660
 7245  5745
13261 11761
11808 10308
15589 14089
13684 12184
 4887  3387
15808 14308
 4463  2963
14502 13002
15329 13829
 6846  5346
 9880  8380
14006 12506
13285 11785
11008  9508
 3767  2267
 3633  2133
 3618  2118
11454  9954
 7698  6198
16188 14688
 3830  2330
 4619  3119
14902 13402
13759 12259
 2731  1231
 6497  4997
16173 14673
16347 14847
 3756  2256
13221 11721
 3060  1560
 6671  5171
 7003  5503
 2857  1357
 3632  2132
 6710  5210
 1816   316
11872 10372
12261 10761
 7365  5865
 4335  2835
 6108  4608
 7859  6359
12712 11212
 2639  1139
 4443  2943
14893 13393
 3316  1816
 6915  5415
 9464  7964
13767 12267
16359 14859
15886 14386
 7454  5954
 3771  2271
 7756  6256
 7416  5916
 7704  6204
 1560    60
 8722  7222
10863  9363
 2875  1375
10080  8580
12684 11184
13244 11744
12997 11497
 9933  8433
15059 13559
16316 14816
 2158   658
 6239  4739
 8056  6556
 3143  1643
14540 13040
 7340  5840
 3902  2402
 6760  5260
13262 11762
 6068  4568
 3387  1887
 4378  2878
 5206  3706
 8904  7404
15024 13524
 4867  3367
 7617  6117
12799 11299
 8902  7402
 2543  1043
13283 11783
 8188  6688
 3320  1820
14276 12776
 5523  4023
 6576  5076
 9391  7891
 6797  5297
 5302  3802
13775 12275
10104  8604
 3158  1658
 9935  8435
14562 13062
10658  9158
10363  8863
16020 14520
12352 10852
10524  9024
 8221  6721
 9964  8464
 3105  1605
11171  9671
14554 13054
14500 13000
 8465  6965
11385  9885
10016  8516
10896  9396
10910  9410
 5617  4117
13086 11586
11695 10195
10694  9194
10751  9251
15518 14018
 2512  1012
13887 12387
 6917  5417
11211  9711
11585 10085
 3468  1968
11615 10115
11779 10279
12310 10810
11849 10349
10752  9252
 6169  4669
15902 14402
 2180   680
11326  9826
