300 27858
 1401     1
 3519  2119
 5952  4552
 4139  2739
11263  9863
 5005  3605
 1586   186
 6070  4670
13957 12557
 6419  5019
10802  9402
10314  8914
 5282  3882
 3890  2490
 6838  5438
 9833  8433
 3031  1631
11480 10080
 4263  2863
 5098  3698
 8005  6605
11011  9611
11925 10525
 3210  1810
 6728  5328
 2855  1455
11496 10096
12188 10788
14339 12939
 7915  6515
12356 10956
10049  8649
12441 11041
11486 10086
 4615  3215
 2163   763
 1973   573
11463 10063
12099 10699
 9819  8419
11223  9823
 9994  8594
 8675  7275
 7282  5882
 2268   868
 3558  2158
12459 11059
13045 11645
 3608  2208
10395  8995
10304  8904
 7361  5961
 1795   395
 3897  2497
13825 12425
 9054  7654
 6013  4613
 7843  6443
 6385  4985
13993 12593
 5743  4343
 2851  1451
11090  9690
 1801   401
 9504  8104
 9623  8223
 4416  3016
 2034   634
 8464  7064
 3353  1953
 7047  5647
14968 13568
 9845  8445
 4028  2628
 6657  5257
 2379   979
10287  8887
14658 13258
13968 12568
 7953  6553
 3482  2082
10474  9074
15349 13949
 1506   106
 4944  3544
11655 10255
 9114  7714
13549 12149
 9640  8240
 2412  1012
 2242   842
 9671  8271
11263  9863
13172 11772
 3051  1651
 7987  6587
12897 11497
 2622  1222
 8973  7573
11437 10037
10228  8828
 3237  1837
10146  8746
 4625  3225
 9714  8314
 2717  1317
15362 13962
 7945  6545
10913  9513
 9481  8081
 7417  6017
10867  9467
 8928  7528
 9322  7922
11527 10127
 4384  2984
 6192  4792
12098 10698
12613 11213
14345 12945
12428 11028
 2135   735
 7327  5927
13949 12549
 5351  3951
 3458  2058
10034  8634
 5461  4061
 5409  4009
 6887  5487
 3683  2283
 3784  2384
 2165   765
 5856  4456
11353  9953
13002 11602
 1634   234
 8770  7370
 8232  6832
11247  9847
 9924  8524
10912  9512
11819 10419
14494 13094
10638  9238
12062 10662
 2925  1525
 9072  7672
11159  9759
13694 12294
 1572   172
 3208  1808
 9358  7958
 9174  7774
 9035  7635
15228 13828
12699 11299
12131 10731
13835 12435
 3122  1722
12595 11195
15287 13887
 4501  3101
 9958  8558
 7767  6367
14605 13205
 4862  3462
10007  8607
12650 11250
 7261  5861
11095  9695
 3890  2490
 2829  1429
 5835  4435
 4248  2848
10613  9213
13737 12337
 8282  6882
13241 11841
 3542  2142
 5305  3905
 5918  4518
11581 10181
 7756  6356
11601 10201
 3103  1703
 4635  3235
 7131  5731
 2926  1526
 5994  4594
11658 10258
10269  8869
10540  9140
 5425  4025
 7752  6352
 8060  6660
 6750  5350
 9650  8250
 2631  1231
11420 10020
12109 10709
 1941   541
 1493    93
 9381  7981
10224  8824
 4974  3574
 2214   814
 1422    22
10421  9021
11651 10251
 4480  3080
 4917  3517
10777  9377
 4024  2624
 3011  1611
10219  8819
14681 13281
 3238  1838
12643 11243
 4236  2836
 7750  6350
 6858  5458
 7731  6331
 8716  7316
 6927  5527
14825 13425
 9888  8488
 9661  8261
 8013  6613
 3793  2393
 2999  1599
13469 12069
 5952  4552
11643 10243
 4164  2764
 4524  3124
15217 13817
 2957  1557
14120 12720
 4732  3332
10276  8876
12012 10612
 5254  3854
 2897  1497
12125 10725
 4894  3494
11946 10546
 5608  4208
11803 10403
 8589  7189
 5958  4558
 4755  3355
 2837  1437
11480 10080
 1451    51
12994 11594
 4128  2728
 7315  5915
 5616  4216
 1614   214
 3066  1666
 2479  1079
11474 10074
 7486  6086
13270 11870
 3429  2029
11640 10240
 4669  3269
 2804  1404
 5179  3779
12466 11066
 9427  8027
 2636  1236
 2377   977
 9374  7974
11087  9687
 7975  6575
 8629  7229
12102 10702
 1974   574
 9259  7859
11930 10530
 6809  5409
14165 12765
 9105  7705
 2167   767
13860 12460
 5363  3963
13828 12428
 8500  7100
 1821   421
14978 13578
14199 12799
11184  9784
 7228  5828
 5764  4364
13748 12348
 3446  2046
10327  8927
10537  9137
