500 25727
 1001     1
 7119  6119
 3552  2552
 1739   739
 8863  7863
 8605  7605
 7186  6186
 3670  2670
 1557   557
 6019  5019
 2402  1402
 1914   914
 8882  7882
 1490   490
 6438  5438
 9433  8433
 2631  1631
 3080  2080
 7863  6863
 4698  3698
 1605   605
 2611  1611
 1525   525
 4810  3810
10328  9328
10455  9455
 1096    96
 3788  2788
 3939  2939
 9515  8515
 5956  4956
 9649  8649
 8041  7041
 5086  4086
 4215  3215
 1763   763
 5573  4573
 3063  2063
 5699  4699
 9419  8419
 2823  1823
 5594  4594
 6275  5275
 6882  5882
 5868  4868
 3158  2158
 2059  1059
 4645  3645
 3208  2208
 7995  6995
 3904  2904
10961  9961
 1395   395
 7497  6497
 5425  4425
 8654  7654
 5613  4613
 1443   443
 5985  4985
 3593  2593
 1343   343
 2451  1451
 6690  5690
 9401  8401
 3104  2104
 5223  4223
 8016  7016
 1634   634
 8064  7064
 6953  5953
 2647  1647
 6568  5568
 3445  2445
 9628  8628
 2257  1257
 5979  4979
 5887  4887
 4258  3258
 3568  2568
 3553  2553
 3082  2082
 8074  7074
 6949  5949
 3106  2106
 4544  3544
 7255  6255
 4714  3714
 9149  8149
 1240   240
10012  9012
 1842   842
 7271  6271
 6863  5863
 4772  3772
 8651  7651
 9587  8587
 6497  5497
 2222  1222
 2573  1573
 3037  2037
 1828   828
 2837  1837
 3746  2746
 4225  3225
 1314   314
10317  9317
 4962  3962
 9545  8545
 4513  3513
 3081  2081
 3017  2017
 4467  3467
 8528  7528
 2922  1922
 1127   127
 1984   984
 9792  8792
 3698  2698
 2213  1213
 1945   945
10028  9028
 9735  8735
 2927  1927
 3549  2549
 2951  1951
 1058    58
 7634  6634
 1061    61
 9009  8009
10487  9487
 9283  8283
 5384  4384
 5765  4765
 5456  4456
 8953  7953
 2602  1602
 5234  4234
 4370  3370
 7832  6832
 4847  3847
 7524  6524
 6512  5512
 9419  8419
 2094  1094
 4238  3238
 7662  6662
 4525  3525
 6672  5672
 4759  3759
 1294   294
 1172   172
 6808  5808
 2958  1958
10774  9774
 2635  1635
10828  9828
 2299  1299
 1731   731
 5435  4435
 6722  5722
 4195  3195
 2887  1887
 4101  3101
 3558  2558
 5367  4367
 4205  3205
 8462  7462
 5607  4607
 2250  1250
 8861  7861
 4695  3695
 5490  4490
 8429  7429
 5435  4435
 9848  8848
 6213  5213
 5337  4337
 3882  2882
 2841  1841
 7142  6142
 4905  3905
 9518  8518
 7181  6181
 5356  4356
 7201  6201
10703  9703
10235  9235
 4731  3731
 8526  7526
 1594   594
 1258   258
 9869  8869
 2140  1140
 5025  4025
 9352  8352
 9660  8660
 8350  7350
 5250  4250
 4231  3231
 7020  6020
 7709  6709
 3541  2541
 1093    93
 4981  3981
 1824   824
 2574  1574
 1814   814
 1022    22
10021  9021
 1251   251
 2080  1080
 6517  5517
 4377  3377
 9624  8624
 4611  3611
 5819  4819
 2281  1281
 2838  1838
10243  9243
 1836   836
 3350  2350
10458  9458
 7331  6331
10316  9316
 2527  1527
 6425  5425
 9488  8488
 5261  4261
 3613  2613
 9393  8393
 6599  5599
 3069  2069
 3552  2552
 5243  4243
 5764  4764
10124  9124
 2817  1817
 2557  1557
 9720  8720
10332  9332
 1876   876
 9612  8612
 2854  1854
10497  9497
 7725  6725
 4494  3494
 1546   546
 3208  2208
 7403  6403
 8189  7189
 3558  2558
 6355  5355
10437  9437
 1080    80
 3051  2051
 4594  3594
 3728  2728
 4915  3915
 3216  2216
 1214   214
10666  9666
 6079  5079
 1074    74
 9086  8086
 6870  5870
 7029  6029
 7240  6240
 8269  7269
 4404  3404
10779  9779
 4066  3066
 9027  8027
 4236  3236
 9977  8977
 4974  3974
 6687  5687
 7575  6575
 4229  3229
 1702   702
 5574  4574
 4859  3859
 7530  6530
 4409  3409
 1765   765
 6705  5705
 5767  4767
 5460  4460
 8963  7963
 7428  6428
 2100  1100
 7421  6421
 2578  1578
 1799   799
 4784  3784
 6828  5828
 5364  4364
 1348   348
 9046  8046
 5927  4927
10137  9137
 6717  5717
 9565  8565
 5176  4176
 4582  3582
 4369  3369
 4110  3110
 5629  4629
 3922  2922
 9117  8117
10849  9849
 7851  6851
 2347  1347
10251  9251
 2960  1960
 6560  5560
 2214  1214
 6572  5572
 5181  4181
 4900  3900
 8195  7195
10542  9542
 5711  4711
 4379  3379
 7678  6678
 9562  8562
 4903  3903
 4554  3554
 4625  3625
 5068  4068
 5618  4618
 5587  4587
 4439  3439
 5200  4200
 3543  2543
 3150  2150
 6667  5667
 4870  3870
 7488  6488
 8518  7518
 9455  8455
 3985  2985
10005  9005
 5598  4598
10218  9218
 5057  4057
 8755  7755
 7694  6694
 2777  1777
 6891  5891
 5020  4020
 3742  2742
 4373  3373
 2434  1434
 5593  4593
 1565   565
 1989   989
 2021  1021
 3786  2786
10654  9654
 4682  3682
 2837  1837
10349  9349
 4672  3672
 9592  8592
 5952  4952
 9741  8741
 7785  6785
 8565  7565
 7455  6455
 4914  3914
10030  9030
 7690  6690
10648  9648
 9814  8814
 8257  7257
 3206  2206
 7729  6729
 9736  8736
 4760  3760
 6114  5114
 5618  4618
 4089  3089
 5846  4846
10671  9671
10565  9565
 3380  2380
 9720  8720
 8348  7348
 9229  8229
 5611  4611
 9694  8694
 4291  3291
 6816  5816
 6940  5940
 8659  7659
 5027  4027
 5651  4651
 2146  1146
 7147  6147
 7912  6912
 1936   936
 9096  8096
 7161  6161
 2374  1374
10518  9518
 8552  7552
10234  9234
 1957   957
 9278  8278
 3794  2794
 3201  2201
 6086  5086
 9509  8509
 5736  4736
 1792   792
 5220  4220
 2251  1251
 5638  4638
 2128  1128
 3974  2974
 9494  8494
 5279  4279
10605  9605
 5553  4553
 2164  1164
 4466  3466
 6528  5528
10554  9554
 8075  7075
 2268  1268
 2154  1154
 7784  6784
 6143  5143
 9463  8463
 5498  4498
 4664  3664
 7679  6679
 4415  3415
 8892  7892
 1802   802
 2476  1476
 4149  3149
10127  9127
 7033  6033
 6680  5680
 2941  1941
 3168  2168
 2728  1728
 9126  8126
 9362  8362
 6072  5072
 6664  5664
 1460   460
 4170  3170
 4095  3095
 7542  6542
 9458  8458
 1796   796
 4107  3107
 4081  3081
 2398  1398
10285  9285
 1881   881
 3289  2289
 2061  1061
 9569  8569
 7239  6239
 7363  6363
 8055  7055
 9743  8743
 2779  1779
 5145  4145
 6768  5768
 5494  4494
 5732  4732
 6462  5462
 3967  2967
 7723  6723
 1035    35
 1311   311
10045  9045
 1709   709
 9477  8477
 5125  4125
 6507  5507
10895  9895
 8680  7680
 8519  7519
 7344  6344
 2900  1900
 2407  1407
 3053  2053
 8414  7414
10330  9330
 9020  8020
 1391   391
 2608  1608
 8604  7604
10993  9993
 1228   228
