600 19993
 2001     1
18119 16119
14552 12552
 2739   739
 9863  7863
 9605  7605
 8186  6186
 4670  2670
12557 10557
 7019  5019
 3402  1402
 2914   914
 9882  7882
 2490   490
 7438  5438
20433 18433
 3631  1631
 4080  2080
18863 16863
 5698  3698
 2605   605
 3611  1611
 2525   525
 5810  3810
21328 19328
21455 19455
12096 10096
14788 12788
 4939  2939
10515  8515
16956 14956
20649 18649
19041 17041
16086 14086
 5215  3215
12763 10763
16573 14573
 4063  2063
 6699  4699
20419 18419
 3823  1823
 6594  4594
17275 15275
17882 15882
16868 14868
14158 12158
 3059  1059
 5645  3645
14208 12208
 8995  6995
 4904  2904
11961  9961
 2395   395
18497 16497
16425 14425
 9654  7654
 6613  4613
12443 10443
 6985  4985
 4593  2593
12343 10343
13451 11451
 7690  5690
20401 18401
 4104  2104
16223 14223
19016 17016
12634 10634
 9064  7064
 7953  5953
 3647  1647
 7568  5568
14445 12445
20628 18628
 3257  1257
16979 14979
16887 14887
 5258  3258
 4568  2568
 4553  2553
 4082  2082
 9074  7074
17949 15949
14106 12106
 5544  3544
 8255  6255
 5714  3714
20149 18149
 2240   240
11012  9012
 2842   842
 8271  6271
 7863  5863
 5772  3772
 9651  7651
20587 18587
17497 15497
13222 11222
13573 11573
14037 12037
12828 10828
 3837  1837
 4746  2746
 5225  3225
12314 10314
21317 19317
15962 13962
10545  8545
 5513  3513
 4081  2081
 4017  2017
15467 13467
 9528  7528
13922 11922
12127 10127
 2984   984
10792  8792
 4698  2698
 3213  1213
12945 10945
21028 19028
10735  8735
13927 11927
 4549  2549
13951 11951
12058 10058
18634 16634
12061 10061
20009 18009
21487 19487
10283  8283
 6384  4384
 6765  4765
16456 14456
 9953  7953
 3602  1602
16234 14234
 5370  3370
18832 16832
 5847  3847
 8524  6524
17512 15512
10419  8419
 3094  1094
15238 13238
 8662  6662
15525 13525
17672 15672
15759 13759
 2294   294
12172 10172
17808 15808
 3958  1958
11774  9774
13635 11635
11828  9828
 3299  1299
12731 10731
 6435  4435
 7722  5722
 5195  3195
13887 11887
 5101  3101
 4558  2558
16367 14367
 5205  3205
 9462  7462
 6607  4607
 3250  1250
19861 17861
15695 13695
16490 14490
 9429  7429
16435 14435
20848 18848
 7213  5213
16337 14337
 4882  2882
 3841  1841
18142 16142
 5905  3905
10518  8518
18181 16181
 6356  4356
 8201  6201
11703  9703
11235  9235
 5731  3731
 9526  7526
12594 10594
 2258   258
10869  8869
13140 11140
16025 14025
20352 18352
20660 18660
19350 17350
 6250  4250
15231 13231
18020 16020
 8709  6709
 4541  2541
 2093    93
15981 13981
12824 10824
 3574  1574
 2814   814
12022 10022
11021  9021
12251 10251
 3080  1080
17517 15517
 5377  3377
10624  8624
 5611  3611
 6819  4819
 3281  1281
 3838  1838
21243 19243
 2836   836
14350 12350
11458  9458
 8331  6331
21316 19316
13527 11527
 7425  5425
10488  8488
16261 14261
14613 12613
20393 18393
 7599  5599
14069 12069
14552 12552
16243 14243
16764 14764
21124 19124
 3817  1817
13557 11557
20720 18720
21332 19332
12876 10876
10612  8612
 3854  1854
21497 19497
 8725  6725
 5494  3494
 2546   546
14208 12208
18403 16403
19189 17189
14558 12558
17355 15355
21437 19437
12080 10080
14051 12051
 5594  3594
14728 12728
 5915  3915
14216 12216
 2214   214
21666 19666
17079 15079
 2074    74
10086  8086
 7870  5870
 8029  6029
 8240  6240
 9269  7269
 5404  3404
21779 19779
15066 13066
10027  8027
15236 13236
10977  8977
15974 13974
 7687  5687
 8575  6575
15229 13229
 2702   702
 6574  4574
15859 13859
18530 16530
 5409  3409
 2765   765
 7705  5705
16767 14767
16460 14460
19963 17963
18428 16428
13100 11100
 8421  6421
 3578  1578
 2799   799
 5784  3784
 7828  5828
 6364  4364
 2348   348
10046  8046
16927 14927
11137  9137
 7717  5717
20565 18565
16176 14176
15582 13582
15369 13369
15110 13110
 6629  4629
 4922  2922
20117 18117
21849 19849
 8851  6851
 3347  1347
11251  9251
13960 11960
17560 15560
13214 11214
 7572  5572
16181 14181
15900 13900
 9195  7195
21542 19542
 6711  4711
 5379  3379
 8678  6678
20562 18562
 5903  3903
 5554  3554
 5625  3625
 6068  4068
 6618  4618
 6587  4587
15439 13439
 6200  4200
 4543  2543
14150 12150
 7667  5667
 5870  3870
 8488  6488
19518 17518
10455  8455
14985 12985
21005 19005
16598 14598
11218  9218
16057 14057
19755 17755
 8694  6694
 3777  1777
17891 15891
16020 14020
 4742  2742
15373 13373
13434 11434
 6593  4593
12565 10565
 2989   989
13021 11021
14786 12786
11654  9654
15682 13682
13837 11837
11349  9349
15672 13672
10592  8592
 6952  4952
10741  8741
 8785  6785
19565 17565
 8455  6455
15914 13914
21030 19030
18690 16690
21648 19648
10814  8814
 9257  7257
 4206  2206
 8729  6729
10736  8736
15760 13760
17114 15114
 6618  4618
 5089  3089
 6846  4846
21671 19671
11565  9565
14380 12380
20720 18720
19348 17348
20229 18229
 6611  4611
10694  8694
15291 13291
 7816  5816
17940 15940
19659 17659
16027 14027
16651 14651
13146 11146
18147 16147
 8912  6912
12936 10936
10096  8096
18161 16161
13374 11374
11518  9518
 9552  7552
11234  9234
 2957   957
10278  8278
 4794  2794
14201 12201
 7086  5086
10509  8509
16736 14736
12792 10792
16220 14220
 3251  1251
16638 14638
13128 11128
14974 12974
10494  8494
 6279  4279
21605 19605
16553 14553
 3164  1164
 5466  3466
 7528  5528
11554  9554
 9075  7075
13268 11268
 3154  1154
18784 16784
 7143  5143
10463  8463
16498 14498
15664 13664
 8679  6679
 5415  3415
19892 17892
 2802   802
 3476  1476
15149 13149
21127 19127
 8033  6033
17680 15680
13941 11941
 4168  2168
 3728  1728
20126 18126
10362  8362
17072 15072
 7664  5664
 2460   460
15170 13170
15095 13095
18542 16542
10458  8458
 2796   796
15107 13107
 5081  3081
13398 11398
21285 19285
12881 10881
 4289  2289
 3061  1061
20569 18569
18239 16239
18363 16363
 9055  7055
20743 18743
13779 11779
 6145  4145
 7768  5768
16494 14494
 6732  4732
17462 15462
14967 12967
18723 16723
12035 10035
 2311   311
11045  9045
12709 10709
20477 18477
 6125  4125
 7507  5507
21895 19895
 9680  7680
 9519  7519
 8344  6344
13900 11900
 3407  1407
14053 12053
 9414  7414
21330 19330
20020 18020
 2391   391
13608 11608
 9604  7604
21993 19993
12228 10228
 5274  3274
10387  8387
 2131   131
12830 10830
18725 16725
 5407  3407
21820 19820
 6226  4226
 6774  4774
15312 13312
15516 13516
 9413  7413
20377 18377
10241  8241
 3874  1874
 9594  7594
21815 19815
15388 13388
10532  8532
18673 16673
 7881  5881
10464  8464
11233  9233
13609 11609
16536 14536
17086 15086
13231 11231
 3526  1526
15187 13187
17732 15732
 9031  7031
16814 14814
13292 11292
 8752  6752
14441 12441
 5709  3709
20047 18047
 6023  4023
 9996  7996
 8792  6792
12832 10832
16286 14286
 6246  4246
19758 17758
 5008  3008
19956 17956
 5973  3973
10683  8683
21596 19596
 8419  6419
21864 19864
 6902  4902
20226 18226
13259 11259
10125  8125
18730 16730
 3936  1936
 5775  3775
 2519   519
17426 15426
18571 16571
 2683   683
12779 10779
11613  9613
17897 15897
12226 10226
12295 10295
13138 11138
11243  9243
11015  9015
 5168  3168
19789 17789
15467 13467
 5745  3745
16599 14599
15206 13206
 9982  7982
15906 13906
17224 15224
 7315  5315
18581 16581
 3168  1168
18126 16126
11044  9044
 2646   646
 7570  5570
 4038  2038
14316 12316
16498 14498
20263 18263
 6174  4174
 4735  2735
 5027  3027
 2991   991
14570 12570
 6519  4519
 3172  1172
 9677  7677
 6979  4979
16881 14881
