500 36746
 1201     1
 5319  4119
 9752  8552
 9939  8739
 5063  3863
12805 11605
11386 10186
11870 10670
 7757  6557
 6219  5019
 2602  1402
 6114  4914
 9082  7882
 5690  4490
 6638  5438
 3633  2433
 6831  5631
 7280  6080
 6063  4863
12898 11698
 5805  4605
10811  9611
 9725  8525
 9010  7810
 4528  3328
12655 11455
11296 10096
 9988  8788
12139 10939
 1715   515
 4156  2956
 3849  2649
10241  9041
 7286  6086
12415 11215
 3963  2763
 7773  6573
 7263  6063
 9899  8699
 3619  2419
 3023  1823
 1794   594
 8475  7275
 5082  3882
 8068  6868
 9358  8158
 2259  1059
12845 11645
 9408  8208
 4195  2995
 4104  2904
 3161  1961
 5595  4395
 5697  4497
 7625  6425
 4854  3654
 5813  4613
 3643  2443
 6185  4985
 7793  6593
11543 10343
 4651  3451
 2890  1690
 3601  2401
 7304  6104
11423 10223
10216  9016
 7834  6634
12264 11064
 7153  5953
 6847  5647
10768  9568
 1645   445
11828 10628
10457  9257
12179 10979
 8087  6887
 4458  3258
11768 10568
11753 10553
11282 10082
 8274  7074
 9149  7949
 1306   106
 8744  7544
11455 10255
 4914  3714
 3349  2149
 9440  8240
 6212  5012
 2042   842
 3471  2271
11063  9863
 8972  7772
 4851  3651
 3787  2587
12697 11497
 8422  7222
 8773  7573
 5237  4037
 8028  6828
11037  9837
 7946  6746
 8425  7225
11514 10314
 8517  7317
 7162  5962
 9745  8545
 8713  7513
 7281  6081
11217 10017
 6667  5467
 8728  7528
 5122  3922
 3327  2127
 2184   984
 5992  4792
11898 10698
 6413  5213
 8145  6945
12228 11028
 1935   735
 9127  7927
 3749  2549
 5151  3951
 3258  2058
 5834  4634
11261 10061
 3209  2009
12687 11487
 1483   283
 5584  4384
 9965  8765
 7656  6456
13153 11953
10802  9602
11434 10234
 8570  7370
 6032  4832
 9047  7847
 7724  6524
 4712  3512
 5619  4419
 6294  5094
10438  9238
 3862  2662
 2725  1525
 8872  7672
 2959  1759
 9494  8294
 7372  6172
13008 11808
11158  9958
10974  9774
 8835  7635
 3028  1828
 2499  1299
11931 10731
 9635  8435
 2922  1722
12395 11195
13087 11887
12301 11101
11758 10558
11567 10367
 4405  3205
12662 11462
 9807  8607
10450  9250
11061  9861
 2895  1695
11690 10490
12629 11429
11635 10435
12048 10848
10413  9213
11537 10337
 8082  6882
 7041  5841
 5342  4142
13105 11905
 9718  8518
 5381  4181
 5556  4356
 3401  2201
10903  9703
 6435  5235
12931 11731
 8726  7526
 3794  2594
 1458   258
 2069   869
 4340  3140
 7225  6025
11552 10352
 7860  6660
 6550  5350
 1450   250
 6431  5231
 1220    20
11909 10709
 7741  6541
 1293    93
 7181  5981
12024 10824
10774  9574
 6014  4814
11222 10022
 6221  5021
 7451  6251
 6280  5080
 4717  3517
 4577  3377
 5824  4624
12811 11611
 2019   819
 6481  5281
 3038  1838
 4443  3243
 6036  4836
 1550   350
 6658  5458
 7531  6331
 4516  3316
 8727  7527
10625  9425
 9688  8488
 7461  6261
 5813  4613
 7593  6393
10799  9599
 1269    69
 1752   552
 3443  2243
 7964  6764
 8324  7124
11017  9817
12757 11557
 3920  2720
 4532  3332
 4076  2876
 1812   612
11054  9854
12697 11497
 7925  6725
 8694  7494
 9746  8546
 1408   208
 9603  8403
10389  9189
 1758   558
 8555  7355
 8637  7437
11280 10080
 9251  8051
12794 11594
 9928  8728
13115 11915
 1416   216
 5414  4214
 8866  7666
 4279  3079
 1274    74
 1286    86
 3070  1870
11229 10029
 7440  6240
12469 11269
12604 11404
 8979  7779
 6266  5066
 9227  8027
10436  9236
 6177  4977
 7174  5974
 6887  5687
 7775  6575
 2429  1229
 5902  4702
 1774   574
 3059  1859
 5730  4530
12609 11409
 1965   765
10905  9705
 3967  2767
11660 10460
 3163  1963
 9628  8428
 4300  3100
11621 10421
10778  9578
 9999  8799
12984 11784
 3028  1828
 1564   364
 9548  8348
 9246  8046
12127 10927
10337  9137
10917  9717
11765 10565
11376 10176
 6782  5582
10569  9369
10310  9110
 1829   629
12122 10922
 3317  2117
 9049  7849
 4051  2851
 6547  5347
 6451  5251
13160 11960
12760 11560
12414 11214
 6772  5572
 3381  2181
11100  9900
 8395  7195
 4742  3542
 5911  4711
 4579  3379
 7878  6678
 7762  6562
13103 11903
12754 11554
 4825  3625
 5268  4068
 5818  4618
 1787   587
10639  9439
 5400  4200
 7743  6543
 9350  8150
 6867  5667
 5070  3870
 3688  2488
 2718  1518
 5655  4455
 2185   985
12205 11005
 7798  6598
10418  9218
 7257  6057
 2955  1755
 3894  2694
 2977  1777
 5091  3891
 7220  6020
11942 10742
 6573  5373
 8634  7434
 1793   593
 7765  6565
 6189  4989
 4221  3021
 9986  8786
 6854  5654
 2882  1682
 5037  3837
 2549  1349
 6872  5672
 1792   592
 2152   952
 9941  8741
 7985  6785
10765  9565
 3655  2455
 3114  1914
 4230  3030
 9890  8690
 4848  3648
10014  8814
 8457  7257
 7406  6206
 3929  2729
 1936   736
 2960  1760
 8314  7114
 1818   618
12289 11089
10046  8846
 4871  3671
 2765  1565
 9580  8380
11920 10720
 6548  5348
11429 10229
 9811  8611
 5894  4694
 6491  5291
11016  9816
 9140  7940
 2859  1659
 7227  6027
 7851  6651
12346 11146
 9347  8147
 4112  2912
 4136  2936
 1296    96
 9361  8161
 8574  7374
 6718  5518
 4752  3552
10434  9234
 2157   957
 1478   278
 7994  6794
 9401  8201
 6286  5086
 1709   509
 3936  2736
 3992  2792
 7420  6220
 6451  5251
11838 10638
12328 11128
10174  8974
 9694  8494
 1479   279
 8805  7605
11753 10553
10364  9164
 4666  3466
 2728  1528
 6754  5554
12275 11075
 4468  3268
10354  9154
 1984   784
 6343  5143
 9663  8463
11698 10498
 6864  5664
 3879  2679
 8615  7415
 7092  5892
10002  8802
 2676  1476
 2349  1149
 4327  3127
11233 10033
 8880  7680
 5141  3941
11368 10168
10928  9728
 3326  2126
 1562   362
12272 11072
10864  9664
 5660  4460
 2370  1170
 6295  5095
 5742  4542
 5658  4458
 1996   796
 6307  5107
 4281  3081
 8598  7398
12485 11285
12081 10881
 7489  6289
10261  9061
11769 10569
 5439  4239
 9563  8363
 8255  7055
11943 10743
 4979  3779
 1345   145
 6968  5768
 3694  2494
 5932  4732
 4662  3462
 2167   967
 1923   723
 7235  6035
 1511   311
 2245  1045
11909 10709
 7677  6477
 9325  8125
 2707  1507
 9095  7895
12880 11680
12719 11519
 3544  2344
13100 11900
 2607  1407
 5253  4053
 4614  3414
12530 11330
 3220  2020
 9591  8391
 8808  7608
 8804  7604
13193 11993
11428 10228
