400 32227
 1301     1
11419 10119
 6852  5552
11039  9739
12163 10863
 5905  4605
 8486  7186
13970 12670
 1857   557
13319 12019
 7702  6402
 4214  2914
13182 11882
 5790  4490
12738 11438
 4733  3433
13931 12631
11380 10080
 7163  5863
13998 12698
 5905  4605
 7911  6611
 4825  3525
 9110  7810
12628 11328
 4755  3455
 6396  5096
13088 11788
 6239  4939
 8815  7515
 2256   956
12949 11649
10341  9041
 8386  7086
 8515  7215
 2063   763
 2873  1573
 3363  2063
12999 11699
 2719  1419
 3123  1823
 3894  2594
 7575  6275
 5182  3882
 5168  3868
 9458  8158
12359 11059
11945 10645
 5508  4208
 6295  4995
12204 10904
 6261  4961
 6695  5395
 6797  5497
 9725  8425
 3954  2654
11913 10613
 1743   443
 7285  5985
 9893  8593
11643 10343
 3751  2451
 3990  2690
11701 10401
 5404  4104
 3523  2223
11316 10016
 5934  4634
 9364  8064
 5253  3953
 1947   647
 4868  3568
 6745  5445
 9928  8628
 7557  6257
 3279  1979
14187 12887
 4558  3258
 7868  6568
 4853  3553
13382 12082
 3374  2074
14249 12949
 9406  8106
 1844   544
 6555  5255
 2014   714
 7449  6149
 8540  7240
 8312  7012
10142  8842
10571  9271
 6163  4863
11072  9772
 4951  3651
11887 10587
 2797  1497
 7522  6222
 2873  1573
 3337  2037
 9128  7828
14137 12837
 7046  5746
11525 10225
 8614  7314
 8617  7317
 4262  2962
 5845  4545
13813 12513
 3381  2081
10317  9017
 4767  3467
12828 11528
12222 10922
 6427  5127
 4284  2984
 6092  4792
10998  9698
 3513  2213
10245  8945
 9328  8028
14035 12735
12227 10927
 6849  5549
 8251  6951
11358 10058
10934  9634
 2361  1061
 1309     9
 6787  5487
 6583  5283
 4684  3384
 6065  4765
 1756   456
 8253  6953
11902 10602
 6534  5234
 1670   370
 7132  5832
14147 12847
 5824  4524
 2812  1512
 2719  1419
 6394  5094
 1538   238
 1962   662
 7825  6525
 8972  7672
 9059  7759
10594  9294
 4472  3172
 7108  5808
 7258  5958
10074  8774
 6935  5635
10128  8828
 1599   299
 2031   731
 4735  3435
14022 12722
 9495  8195
 9187  7887
 2401  1101
 4858  3558
 2667  1367
 2505  1205
 1762   462
12907 11607
 3550  2250
13161 11861
 3995  2695
 4790  3490
 5729  4429
10735  9435
 3148  1848
12513 11213
 7637  6337
 9182  7882
 6141  4841
 4442  3142
 2205   905
 6818  5518
12481 11181
 9656  8356
12501 11201
13003 11703
10535  9235
 3031  1731
13826 12526
 2894  1594
 8558  7258
 4169  2869
 6440  5140
12325 11025
 7652  6352
 5960  4660
 4650  3350
 6550  5250
11531 10231
 7320  6020
11009  9709
 9841  8541
 2393  1093
 3281  1981
14124 12824
 1874   574
 9114  7814
 8322  7022
 2321  1021
 6551  5251
12380 11080
 1817   517
 9677  8377
 7924  6624
12911 11611
 7119  5819
 6581  5281
10138  8838
 9543  8243
 3136  1836
 8650  7350
10758  9458
 4631  3331
13616 12316
 7827  6527
 4725  3425
 2788  1488
12561 11261
13913 12613
12693 11393
 5899  4599
 8369  7069
 5852  4552
 1543   243
 4064  2764
11424 10124
 7117  5817
 5857  4557
 3020  1720
 4632  3332
10176  8876
 9912  8612
12154 10854
 3797  2497
 4025  2725
 3794  2494
 3846  2546
11508 10208
 1703   403
 1489   189
 7858  6558
 3655  2355
12737 11437
 6380  5080
 7351  6051
13894 12594
 6028  4728
 7215  5915
 3516  2216
 1514   214
 8966  7666
 9379  8079
 2374  1074
12386 11086
 2170   870
 4329  3029
13540 12240
 2569  1269
10704  9404
 2079   779
 8366  7066
 1327    27
 9536  8236
13277 11977
 8274  6974
13987 12687
 5875  4575
13529 12229
 6002  4702
 5874  4574
10159  8859
 4830  3530
 9709  8409
13065 11765
12005 10705
 8067  6767
 1760   460
13263 11963
11728 10428
 2400  1100
 6721  5421
 9878  8578
11099  9799
 4084  2784
 7128  5828
 2664  1364
 1648   348
 7346  6046
10227  8927
 4437  3137
13017 11717
 2865  1565
 5476  4176
 7882  6582
13669 12369
 6410  5110
 5929  4629
 3222  1922
12417 11117
11149  9849
 2151   851
 4647  3347
 1551   251
13260 11960
 8860  7560
12514 11214
 4872  3572
12481 11181
 5200  3900
 9495  8195
 4842  3542
 7011  5711
11679 10379
10978  9678
 4862  3562
 8203  6903
 4854  3554
 4925  3625
10368  9068
12918 11618
 5887  4587
 4739  3439
12500 11200
10843  9543
 2450  1150
12967 11667
10170  8870
10788  9488
 8818  7518
 2755  1455
 5285  3985
 7305  6005
12898 11598
 1518   218
 9357  8057
 7055  5755
13994 12694
11077  9777
 7191  5891
 3320  2020
13042 11742
 4673  3373
12734 11434
11893 10593
 2865  1565
11289  9989
 9321  8021
 6086  4786
 8954  7654
 1982   682
12137 10837
 5649  4349
13972 12672
 1892   592
13252 11952
 7041  5741
 3085  1785
 4865  3565
 1755   455
 5214  3914
 1330    30
 2990  1690
 7948  6648
 4114  2814
 3557  2257
10506  9206
14029 12729
13036 11736
 6060  4760
 6414  5114
 8918  7618
 2389  1089
11146  9846
 6971  5671
 1865   565
10680  9380
12020 10720
 7648  6348
 7529  6229
12911 11611
 4994  3694
 5591  4291
 8116  6816
 8240  6940
13959 12659
 1327    27
 2951  1651
 6446  5146
 1447   147
 9212  7912
