700 12974
 1301     1
11419 10119
 6852  5552
11039  9739
12163 10863
 5905  4605
 8486  7186
13970 12670
 1857   557
13319 12019
 7702  6402
 4214  2914
13182 11882
 5790  4490
12738 11438
 4733  3433
13931 12631
11380 10080
 7163  5863
13998 12698
 5905  4605
 7911  6611
 4825  3525
 9110  7810
12628 11328
 4755  3455
 6396  5096
13088 11788
 6239  4939
 8815  7515
 2256   956
12949 11649
10341  9041
 8386  7086
 8515  7215
 2063   763
 2873  1573
 3363  2063
12999 11699
 2719  1419
 3123  1823
 3894  2594
 7575  6275
 5182  3882
 5168  3868
 9458  8158
12359 11059
11945 10645
 5508  4208
 6295  4995
12204 10904
 6261  4961
 6695  5395
 6797  5497
 9725  8425
 3954  2654
11913 10613
 1743   443
 7285  5985
 9893  8593
11643 10343
 3751  2451
 3990  2690
11701 10401
 5404  4104
 3523  2223
11316 10016
 5934  4634
 9364  8064
 5253  3953
 1947   647
 4868  3568
 6745  5445
 9928  8628
 7557  6257
 3279  1979
14187 12887
 4558  3258
 7868  6568
 4853  3553
13382 12082
 3374  2074
14249 12949
 9406  8106
 1844   544
 6555  5255
 2014   714
 7449  6149
 8540  7240
 8312  7012
10142  8842
10571  9271
 6163  4863
11072  9772
 4951  3651
11887 10587
 2797  1497
 7522  6222
 2873  1573
 3337  2037
 9128  7828
14137 12837
 7046  5746
11525 10225
 8614  7314
 8617  7317
 4262  2962
 5845  4545
13813 12513
 3381  2081
10317  9017
 4767  3467
12828 11528
12222 10922
 6427  5127
 4284  2984
 6092  4792
10998  9698
 3513  2213
10245  8945
 9328  8028
14035 12735
12227 10927
 6849  5549
 8251  6951
11358 10058
10934  9634
 2361  1061
 1309     9
 6787  5487
 6583  5283
 4684  3384
 6065  4765
 1756   456
 8253  6953
11902 10602
 6534  5234
 1670   370
 7132  5832
14147 12847
 5824  4524
 2812  1512
 2719  1419
 6394  5094
 1538   238
 1962   662
 7825  6525
 8972  7672
 9059  7759
10594  9294
 4472  3172
 7108  5808
 7258  5958
10074  8774
 6935  5635
10128  8828
 1599   299
 2031   731
 4735  3435
14022 12722
 9495  8195
 9187  7887
 2401  1101
 4858  3558
 2667  1367
 2505  1205
 1762   462
12907 11607
 3550  2250
13161 11861
 3995  2695
 4790  3490
 5729  4429
10735  9435
 3148  1848
12513 11213
 7637  6337
 9182  7882
 6141  4841
 4442  3142
 2205   905
 6818  5518
12481 11181
 9656  8356
12501 11201
13003 11703
10535  9235
 3031  1731
13826 12526
 2894  1594
 8558  7258
 4169  2869
 6440  5140
12325 11025
 7652  6352
 5960  4660
 4650  3350
 6550  5250
11531 10231
 7320  6020
11009  9709
 9841  8541
 2393  1093
 3281  1981
14124 12824
 1874   574
 9114  7814
 8322  7022
 2321  1021
 6551  5251
12380 11080
 1817   517
 9677  8377
 7924  6624
12911 11611
 7119  5819
 6581  5281
10138  8838
 9543  8243
 3136  1836
 8650  7350
10758  9458
 4631  3331
13616 12316
 7827  6527
 4725  3425
 2788  1488
12561 11261
13913 12613
12693 11393
 5899  4599
 8369  7069
 5852  4552
 1543   243
 4064  2764
11424 10124
 7117  5817
 5857  4557
 3020  1720
 4632  3332
10176  8876
 9912  8612
12154 10854
 3797  2497
 4025  2725
 3794  2494
 3846  2546
11508 10208
 1703   403
 1489   189
 7858  6558
 3655  2355
12737 11437
 6380  5080
 7351  6051
13894 12594
 6028  4728
 7215  5915
 3516  2216
 1514   214
 8966  7666
 9379  8079
 2374  1074
12386 11086
 2170   870
 4329  3029
13540 12240
 2569  1269
10704  9404
 2079   779
 8366  7066
 1327    27
 9536  8236
13277 11977
 8274  6974
13987 12687
 5875  4575
13529 12229
 6002  4702
 5874  4574
10159  8859
 4830  3530
 9709  8409
13065 11765
12005 10705
 8067  6767
 1760   460
13263 11963
11728 10428
 2400  1100
 6721  5421
 9878  8578
11099  9799
 4084  2784
 7128  5828
 2664  1364
 1648   348
 7346  6046
10227  8927
 4437  3137
13017 11717
 2865  1565
 5476  4176
 7882  6582
13669 12369
 6410  5110
 5929  4629
 3222  1922
12417 11117
11149  9849
 2151   851
 4647  3347
 1551   251
13260 11960
 8860  7560
12514 11214
 4872  3572
12481 11181
 5200  3900
 9495  8195
 4842  3542
 7011  5711
11679 10379
10978  9678
 4862  3562
 8203  6903
 4854  3554
 4925  3625
10368  9068
12918 11618
 5887  4587
 4739  3439
12500 11200
10843  9543
 2450  1150
12967 11667
10170  8870
10788  9488
 8818  7518
 2755  1455
 5285  3985
 7305  6005
12898 11598
 1518   218
 9357  8057
 7055  5755
13994 12694
11077  9777
 7191  5891
 3320  2020
13042 11742
 4673  3373
12734 11434
11893 10593
 2865  1565
11289  9989
 9321  8021
 6086  4786
 8954  7654
 1982   682
12137 10837
 5649  4349
13972 12672
 1892   592
13252 11952
 7041  5741
 3085  1785
 4865  3565
 1755   455
 5214  3914
 1330    30
 2990  1690
 7948  6648
 4114  2814
 3557  2257
10506  9206
14029 12729
13036 11736
 6060  4760
 6414  5114
 8918  7618
 2389  1089
11146  9846
 6971  5671
 1865   565
10680  9380
12020 10720
 7648  6348
 7529  6229
12911 11611
 4994  3694
 5591  4291
 8116  6816
 8240  6940
13959 12659
 1327    27
 2951  1651
 6446  5146
 1447   147
 9212  7912
 6236  4936
11396 10096
12461 11161
 9674  8374
 6818  5518
11852 10552
 1534   234
 5257  3957
11578 10278
12094 10794
 6501  5201
 2386  1086
13809 12509
 8036  6736
12092 10792
13520 12220
 1551   251
 2938  1638
12428 11128
14274 12974
 8794  7494
 5579  4279
 1905   605
 9853  8553
 7464  6164
 9766  8466
 4828  3528
13854 12554
 9375  8075
 3568  2268
 8454  7154
11084  9784
 3443  2143
13763 12463
11798 10498
13964 12664
12979 11679
 8715  7415
 9192  7892
12102 10802
 3776  2476
 6449  5149
10427  9127
 4333  3033
 6980  5680
 5241  3941
 5468  4168
10028  8728
 2426  1126
13662 12362
11372 10072
 3964  2664
 2760  1460
 8470  7170
 4395  3095
13842 12542
 8758  7458
 9096  7796
 5407  4107
12381 11081
12698 11398
 8585  7285
12181 10881
 3589  2289
13361 12061
 8869  7569
11539 10239
 1663   363
 5355  4055
 5043  3743
 6079  4779
 8445  7145
 2068   768
 4794  3494
 7032  5732
 6762  5462
 4267  2967
 3023  1723
11335 10035
 8611  7311
 5345  4045
14009 12709
 8777  7477
 8425  7125
 1807   507
 5195  3895
 5980  4680
 9819  8519
 4644  3344
11200  9900
13707 12407
 1353    53
11714 10414
 7630  6330
 7320  6020
 1691   391
 1908   608
 7904  6604
11293  9993
 1528   228
11574 10274
12687 11387
 6431  5131
 6130  4830
 3025  1725
12707 11407
 5120  3820
 9526  8226
13074 11774
11612 10312
11816 10516
 5713  4413
 1677   377
 1541   241
 2174   874
12894 11594
 9115  7815
12688 11388
12832 11532
12973 11673
 5181  3881
 1764   464
 5533  4233
 2909  1609
 2836  1536
10386  9086
 2531  1231
10826  9526
 9487  8187
 5032  3732
 6331  5031
11114  9814
 9592  8292
12052 10752
 5741  4441
 9009  7709
10347  9047
 3323  2023
13296 11996
14092 12792
 3132  1832
 1586   286
13546 12246
 6058  4758
 9308  8008
 7256  5956
 7273  5973
 9983  8683
 7896  6596
 7719  6419
 8164  6864
 4202  2902
 6526  5226
 3559  2259
 4425  3125
 3030  1730
12236 10936
10075  8775
 7819  6519
 9726  8426
12871 11571
 6983  5683
 7079  5779
 7913  6613
 9197  7897
13526 12226
13595 12295
10438  9138
 6543  5243
13315 12015
 6468  5168
 3089  1789
13767 12467
14045 12745
11899 10599
 9506  8206
 3282  1982
12206 10906
 5524  4224
12615 11315
 2881  1581
 9468  8168
 7426  6126
12344 11044
 2946  1646
 9870  8570
 2338  1038
11616 10316
11798 10498
 6563  5263
 1474   174
14035 12735
 2327  1027
10291  8991
 5870  4570
 3819  2519
 2472  1172
10977  9677
 4279  2979
 3181  1881
 3681  2381
 9048  7748
13600 12300
11968 10668
 5397  4097
 2387  1087
10575  9275
 1885   585
11729 10429
13097 11797
 3771  2471
 7898  6598
 4900  3600
 2789  1489
 3952  2652
13801 12501
 7966  6666
 4756  3456
11965 10665
 7446  6146
 7942  6642
13687 12387
 1502   202
 4669  3369
 9900  8600
 6936  5636
12651 11351
10954  9654
 3671  2371
11049  9749
 3524  2224
14106 12806
10667  9367
 5351  4051
10807  9507
13326 12026
 8571  7271
11350 10050
 6624  5324
11352 10052
14216 12916
11127  9827
 9171  7871
13533 12233
 8523  7223
 7172  5872
 1729   429
 8491  7191
 2581  1281
 2437  1137
 3157  1857
 7660  6360
11320 10020
 6970  5670
 2114   814
 5833  4533
 7928  6628
 7392  6092
 9139  7839
11978 10678
 6044  4744
 7041  5741
 9430  8130
14073 12773
12804 11504
 6516  5216
13030 11730
13950 12650
 6766  5466
 4411  3111
10275  8975
10733  9433
 5472  4172
 7579  6279
 8344  7044
13540 12240
11476 10176
 2591  1291
 7497  6197
 7336  6036
 1579   279
 4309  3009
 1759   459
 4736  3436
 2583  1283
 3642  2342
 2458  1158
13785 12485
 7562  6262
10217  8917
 9554  8254
 3992  2692
 5236  3936
10318  9018
 2481  1181
 4614  3314
 3917  2617
13721 12421
 9336  8036
12813 11513
