300 9961
 1001     1
 7119  6119
 3552  2552
 1739   739
 8863  7863
 8605  7605
 7186  6186
 3670  2670
 1557   557
 6019  5019
 2402  1402
 1914   914
 8882  7882
 1490   490
 6438  5438
 9433  8433
 2631  1631
 3080  2080
 7863  6863
 4698  3698
 1605   605
 2611  1611
 1525   525
 4810  3810
10328  9328
10455  9455
 1096    96
 3788  2788
 3939  2939
 9515  8515
 5956  4956
 9649  8649
 8041  7041
 5086  4086
 4215  3215
 1763   763
 5573  4573
 3063  2063
 5699  4699
 9419  8419
 2823  1823
 5594  4594
 6275  5275
 6882  5882
 5868  4868
 3158  2158
 2059  1059
 4645  3645
 3208  2208
 7995  6995
 3904  2904
10961  9961
 1395   395
 7497  6497
 5425  4425
 8654  7654
 5613  4613
 1443   443
 5985  4985
 3593  2593
 1343   343
 2451  1451
 6690  5690
 9401  8401
 3104  2104
 5223  4223
 8016  7016
 1634   634
 8064  7064
 6953  5953
 2647  1647
 6568  5568
 3445  2445
 9628  8628
 2257  1257
 5979  4979
 5887  4887
 4258  3258
 3568  2568
 3553  2553
 3082  2082
 8074  7074
 6949  5949
 3106  2106
 4544  3544
 7255  6255
 4714  3714
 9149  8149
 1240   240
10012  9012
 1842   842
 7271  6271
 6863  5863
 4772  3772
 8651  7651
 9587  8587
 6497  5497
 2222  1222
 2573  1573
 3037  2037
 1828   828
 2837  1837
 3746  2746
 4225  3225
 1314   314
10317  9317
 4962  3962
 9545  8545
 4513  3513
 3081  2081
 3017  2017
 4467  3467
 8528  7528
 2922  1922
 1127   127
 1984   984
 9792  8792
 3698  2698
 2213  1213
 1945   945
10028  9028
 9735  8735
 2927  1927
 3549  2549
 2951  1951
 1058    58
 7634  6634
 1061    61
 9009  8009
10487  9487
 9283  8283
 5384  4384
 5765  4765
 5456  4456
 8953  7953
 2602  1602
 5234  4234
 4370  3370
 7832  6832
 4847  3847
 7524  6524
 6512  5512
 9419  8419
 2094  1094
 4238  3238
 7662  6662
 4525  3525
 6672  5672
 4759  3759
 1294   294
 1172   172
 6808  5808
 2958  1958
10774  9774
 2635  1635
10828  9828
 2299  1299
 1731   731
 5435  4435
 6722  5722
 4195  3195
 2887  1887
 4101  3101
 3558  2558
 5367  4367
 4205  3205
 8462  7462
 5607  4607
 2250  1250
 8861  7861
 4695  3695
 5490  4490
 8429  7429
 5435  4435
 9848  8848
 6213  5213
 5337  4337
 3882  2882
 2841  1841
 7142  6142
 4905  3905
 9518  8518
 7181  6181
 5356  4356
 7201  6201
10703  9703
10235  9235
 4731  3731
 8526  7526
 1594   594
 1258   258
 9869  8869
 2140  1140
 5025  4025
 9352  8352
 9660  8660
 8350  7350
 5250  4250
 4231  3231
 7020  6020
 7709  6709
 3541  2541
 1093    93
 4981  3981
 1824   824
 2574  1574
 1814   814
 1022    22
10021  9021
 1251   251
 2080  1080
 6517  5517
 4377  3377
 9624  8624
 4611  3611
 5819  4819
 2281  1281
 2838  1838
10243  9243
 1836   836
 3350  2350
10458  9458
 7331  6331
10316  9316
 2527  1527
 6425  5425
 9488  8488
 5261  4261
 3613  2613
 9393  8393
 6599  5599
 3069  2069
 3552  2552
 5243  4243
 5764  4764
10124  9124
 2817  1817
 2557  1557
 9720  8720
10332  9332
 1876   876
 9612  8612
 2854  1854
10497  9497
 7725  6725
 4494  3494
 1546   546
 3208  2208
 7403  6403
 8189  7189
 3558  2558
 6355  5355
10437  9437
 1080    80
 3051  2051
 4594  3594
 3728  2728
 4915  3915
 3216  2216
 1214   214
10666  9666
 6079  5079
 1074    74
 9086  8086
 6870  5870
 7029  6029
 7240  6240
 8269  7269
 4404  3404
10779  9779
 4066  3066
 9027  8027
 4236  3236
 9977  8977
 4974  3974
 6687  5687
 7575  6575
 4229  3229
 1702   702
 5574  4574
 4859  3859
 7530  6530
 4409  3409
 1765   765
 6705  5705
 5767  4767
 5460  4460
 8963  7963
 7428  6428
 2100  1100
 7421  6421
 2578  1578
 1799   799
 4784  3784
 6828  5828
 5364  4364
 1348   348
 9046  8046
 5927  4927
10137  9137
