800 11993
 1201     1
 5319  4119
 9752  8552
 9939  8739
 5063  3863
12805 11605
11386 10186
11870 10670
 7757  6557
 6219  5019
 2602  1402
 6114  4914
 9082  7882
 5690  4490
 6638  5438
 3633  2433
 6831  5631
 7280  6080
 6063  4863
12898 11698
 5805  4605
10811  9611
 9725  8525
 9010  7810
 4528  3328
12655 11455
11296 10096
 9988  8788
12139 10939
 1715   515
 4156  2956
 3849  2649
10241  9041
 7286  6086
12415 11215
 3963  2763
 7773  6573
 7263  6063
 9899  8699
 3619  2419
 3023  1823
 1794   594
 8475  7275
 5082  3882
 8068  6868
 9358  8158
 2259  1059
12845 11645
 9408  8208
 4195  2995
 4104  2904
 3161  1961
 5595  4395
 5697  4497
 7625  6425
 4854  3654
 5813  4613
 3643  2443
 6185  4985
 7793  6593
11543 10343
 4651  3451
 2890  1690
 3601  2401
 7304  6104
11423 10223
10216  9016
 7834  6634
12264 11064
 7153  5953
 6847  5647
10768  9568
 1645   445
11828 10628
10457  9257
12179 10979
 8087  6887
 4458  3258
11768 10568
11753 10553
11282 10082
 8274  7074
 9149  7949
 1306   106
 8744  7544
11455 10255
 4914  3714
 3349  2149
 9440  8240
 6212  5012
 2042   842
 3471  2271
11063  9863
 8972  7772
 4851  3651
 3787  2587
12697 11497
 8422  7222
 8773  7573
 5237  4037
 8028  6828
11037  9837
 7946  6746
 8425  7225
11514 10314
 8517  7317
 7162  5962
 9745  8545
 8713  7513
 7281  6081
11217 10017
 6667  5467
 8728  7528
 5122  3922
 3327  2127
 2184   984
 5992  4792
11898 10698
 6413  5213
 8145  6945
12228 11028
 1935   735
 9127  7927
 3749  2549
 5151  3951
 3258  2058
 5834  4634
11261 10061
 3209  2009
12687 11487
 1483   283
 5584  4384
 9965  8765
 7656  6456
13153 11953
10802  9602
11434 10234
 8570  7370
 6032  4832
 9047  7847
 7724  6524
 4712  3512
 5619  4419
 6294  5094
10438  9238
 3862  2662
 2725  1525
 8872  7672
 2959  1759
 9494  8294
 7372  6172
13008 11808
11158  9958
10974  9774
 8835  7635
 3028  1828
 2499  1299
11931 10731
 9635  8435
 2922  1722
12395 11195
13087 11887
12301 11101
11758 10558
11567 10367
 4405  3205
12662 11462
 9807  8607
10450  9250
11061  9861
 2895  1695
11690 10490
12629 11429
11635 10435
12048 10848
10413  9213
11537 10337
 8082  6882
 7041  5841
 5342  4142
13105 11905
 9718  8518
 5381  4181
 5556  4356
 3401  2201
10903  9703
 6435  5235
12931 11731
 8726  7526
 3794  2594
 1458   258
 2069   869
 4340  3140
 7225  6025
11552 10352
 7860  6660
 6550  5350
 1450   250
 6431  5231
 1220    20
11909 10709
 7741  6541
 1293    93
 7181  5981
12024 10824
10774  9574
 6014  4814
11222 10022
 6221  5021
 7451  6251
 6280  5080
 4717  3517
 4577  3377
 5824  4624
12811 11611
 2019   819
 6481  5281
 3038  1838
 4443  3243
 6036  4836
 1550   350
 6658  5458
 7531  6331
 4516  3316
 8727  7527
10625  9425
 9688  8488
 7461  6261
 5813  4613
 7593  6393
10799  9599
 1269    69
 1752   552
 3443  2243
 7964  6764
 8324  7124
11017  9817
12757 11557
 3920  2720
 4532  3332
 4076  2876
 1812   612
11054  9854
12697 11497
 7925  6725
 8694  7494
 9746  8546
 1408   208
 9603  8403
10389  9189
 1758   558
 8555  7355
 8637  7437
11280 10080
 9251  8051
12794 11594
 9928  8728
13115 11915
 1416   216
 5414  4214
 8866  7666
 4279  3079
 1274    74
 1286    86
 3070  1870
11229 10029
 7440  6240
12469 11269
12604 11404
 8979  7779
 6266  5066
 9227  8027
10436  9236
 6177  4977
 7174  5974
 6887  5687
 7775  6575
 2429  1229
 5902  4702
 1774   574
 3059  1859
 5730  4530
12609 11409
 1965   765
10905  9705
 3967  2767
11660 10460
 3163  1963
 9628  8428
 4300  3100
11621 10421
10778  9578
 9999  8799
12984 11784
 3028  1828
 1564   364
 9548  8348
 9246  8046
12127 10927
10337  9137
10917  9717
11765 10565
11376 10176
 6782  5582
10569  9369
10310  9110
 1829   629
12122 10922
 3317  2117
 9049  7849
 4051  2851
 6547  5347
 6451  5251
13160 11960
12760 11560
12414 11214
 6772  5572
 3381  2181
11100  9900
 8395  7195
 4742  3542
 5911  4711
 4579  3379
 7878  6678
 7762  6562
13103 11903
12754 11554
 4825  3625
 5268  4068
 5818  4618
 1787   587
10639  9439
 5400  4200
 7743  6543
 9350  8150
 6867  5667
 5070  3870
 3688  2488
 2718  1518
 5655  4455
 2185   985
12205 11005
 7798  6598
10418  9218
 7257  6057
 2955  1755
 3894  2694
 2977  1777
 5091  3891
 7220  6020
11942 10742
 6573  5373
 8634  7434
 1793   593
 7765  6565
 6189  4989
 4221  3021
 9986  8786
 6854  5654
 2882  1682
 5037  3837
 2549  1349
 6872  5672
 1792   592
 2152   952
 9941  8741
 7985  6785
10765  9565
 3655  2455
 3114  1914
 4230  3030
 9890  8690
 4848  3648
10014  8814
 8457  7257
 7406  6206
 3929  2729
 1936   736
 2960  1760
 8314  7114
 1818   618
12289 11089
10046  8846
 4871  3671
 2765  1565
 9580  8380
11920 10720
 6548  5348
11429 10229
 9811  8611
 5894  4694
 6491  5291
11016  9816
 9140  7940
 2859  1659
 7227  6027
 7851  6651
12346 11146
 9347  8147
 4112  2912
 4136  2936
 1296    96
 9361  8161
 8574  7374
 6718  5518
 4752  3552
10434  9234
 2157   957
 1478   278
 7994  6794
 9401  8201
 6286  5086
 1709   509
 3936  2736
 3992  2792
 7420  6220
 6451  5251
11838 10638
12328 11128
10174  8974
 9694  8494
 1479   279
 8805  7605
11753 10553
10364  9164
 4666  3466
 2728  1528
 6754  5554
12275 11075
 4468  3268
10354  9154
 1984   784
 6343  5143
 9663  8463
11698 10498
 6864  5664
 3879  2679
 8615  7415
 7092  5892
10002  8802
 2676  1476
 2349  1149
 4327  3127
11233 10033
 8880  7680
 5141  3941
11368 10168
10928  9728
 3326  2126
 1562   362
12272 11072
10864  9664
 5660  4460
 2370  1170
 6295  5095
 5742  4542
 5658  4458
 1996   796
 6307  5107
 4281  3081
 8598  7398
12485 11285
12081 10881
 7489  6289
10261  9061
11769 10569
 5439  4239
 9563  8363
 8255  7055
11943 10743
 4979  3779
 1345   145
 6968  5768
 3694  2494
 5932  4732
 4662  3462
 2167   967
 1923   723
 7235  6035
 1511   311
 2245  1045
11909 10709
 7677  6477
 9325  8125
 2707  1507
 9095  7895
12880 11680
12719 11519
 3544  2344
13100 11900
 2607  1407
 5253  4053
 4614  3414
12530 11330
 3220  2020
 9591  8391
 8808  7608
 8804  7604
13193 11993
11428 10228
 4474  3274
 5587  4387
 9331  8131
12030 10830
 1925   725
 8607  7407
 5020  3820
 1426   226
 5974  4774
10512  9312
 6716  5516
 4613  3413
11577 10377
 5441  4241
 7074  5874
 4794  3594
 5015  3815
 6588  5388
 9732  8532
 1873   673
 3081  1881
 9664  8464
 2433  1233
 4809  3609
 7736  6536
12286 11086
 8431  7231
 2726  1526
10387  9187
 8932  7732
12231 11031
 8014  6814
12492 11292
 3952  2752
 9641  8441
 4909  3709
 7247  6047
 5223  4023
 9196  7996
 3992  2792
12032 10832
 7486  6286
 1446   246
 6958  5758
12208 11008
 3156  1956
 9173  7973
 5883  4683
 8796  7596
11619 10419
13064 11864
 2102   902
11426 10226
 4459  3259
 9325  8125
 5930  4730
 3136  1936
 4975  3775
 1719   519
 4626  3426
 9771  8571
 9883  8683
11979 10779
10813  9613
 5097  3897
11426 10226
 3495  2295
 8338  7138
 6443  5243
10215  9015
 8368  7168
 6989  5789
 6667  5467
 8945  7745
 3799  2599
10406  9206
13182 11982
 3106  1906
12424 11224
10515  9315
 5781  4581
10368  9168
 5326  4126
10244  9044
 5846  4646
 6770  5570
 3238  2038
 5516  4316
 7698  6498
 3463  2263
 5374  4174
 3935  2735
 8227  7027
 6191  4991
 9770  8570
 1719   519
10372  9172
 4877  3677
10179  8979
12081 10881
 9581  8381
 6948  5748
 1500   300
10868  9668
 4297  3097
 6287  5087
 9475  8275
 8785  7585
12629 11429
 9997  8797
 6671  5471
 9798  8598
11800 10600
 9689  8489
11852 10652
 8701  7501
11866 10666
 1656   456
12865 11665
11346 10146
11842 10642
 4587  3387
 1402   202
 3569  2369
10800  9600
 8836  7636
 2551  1351
 9854  8654
 7571  6371
 8949  7749
 5424  4224
13006 11806
 6567  5367
 1251    51
 8707  7507
 2226  1026
 3471  2271
 4250  3050
10524  9324
 3252  2052
11116  9916
 8027  6827
 7071  5871
 9433  8233
 6423  5223
 9072  7872
 8629  7429
 4391  3191
12481 11281
 6337  5137
 7057  5857
 2560  1360
 9220  8020
 3870  2670
 2014   814
 6733  5533
 1828   628
 7292  6092
12039 10839
 5878  4678
 7944  6744
 6941  5741
 3330  2130
 8973  7773
 6704  5504
 5416  4216
11930 10730
 7850  6650
11666 10466
 4311  3111
 5175  3975
11633 10433
 8372  7172
10479  9279
11244 10044
 3440  2240
10376  9176
12491 11291
 2397  1197
11236 10036
 4479  3279
12209 11009
11659 10459
12636 11436
 1483   283
 5542  4342
11358 10158
 5685  4485
 1462   262
13117 11917
 5454  4254
 5892  4692
 6136  4936
 6218  5018
 6381  5181
 6514  5314
 9817  8617
 1621   421
 9236  8036
11713 10513
11780 10580
 8554  7354
 8329  7129
 5581  4381
 8931  7731
 1230    30
10474  9274
 3054  1854
 5277  4077
 5388  4188
 1785   585
10490  9290
 4329  3129
11437 10237
 5507  4307
 7879  6679
 7213  6013
 7269  6069
 1454   254
12590 11390
13176 11976
 3850  2650
 4127  2927
12075 10875
 6040  4840
 8288  7088
11526 10326
 5057  3857
 2328  1128
10032  8832
 2822  1622
 7258  6058
 9658  8458
12055 10855
 5765  4565
 6444  5244
10829  9629
10074  8874
 6700  5500
 9368  8168
 6667  5467
12375 11175
11227 10027
12140 10940
12178 10978
 1623   423
 2445  1245
 3719  2519
 3261  2061
 8352  7152
 9635  8435
 5276  4076
 1502   302
 1671   471
11951 10751
 9904  8704
 5658  4458
10691  9491
 3295  2095
 8798  7598
 9376  8176
 7612  6412
 7652  6452
12794 11594
 6120  4920
10529  9329
10623  9423
 1363   163
 7109  5909
 9657  8457
11591 10391
 9105  7905
12454 11254
 8850  7650
 3737  2537
 6333  5133
 2734  1534
 2454  1254
 2172   972
12064 10864
 3886  2686
 6267  5067
 9711  8511
 2756  1556
 6652  5452
 3833  2633
 3122  1922
 3990  2790
 6259  5059
11638 10438
 2670  1470
 7821  6621
 1286    86
 1597   397
13058 11858
 3525  2325
 2274  1074
 7470  6270
 8363  7163
10148  8948
