900 30500
 1401     1
 3519  2119
 5952  4552
 4139  2739
11263  9863
 5005  3605
 1586   186
 6070  4670
13957 12557
 6419  5019
10802  9402
10314  8914
 5282  3882
 3890  2490
 6838  5438
 9833  8433
 3031  1631
11480 10080
 4263  2863
 5098  3698
 8005  6605
11011  9611
11925 10525
 3210  1810
 6728  5328
 2855  1455
11496 10096
12188 10788
14339 12939
 7915  6515
12356 10956
10049  8649
12441 11041
11486 10086
 4615  3215
 2163   763
 1973   573
11463 10063
12099 10699
 9819  8419
11223  9823
 9994  8594
 8675  7275
 7282  5882
 2268   868
 3558  2158
12459 11059
13045 11645
 3608  2208
10395  8995
10304  8904
 7361  5961
 1795   395
 3897  2497
13825 12425
 9054  7654
 6013  4613
 7843  6443
 6385  4985
13993 12593
 5743  4343
 2851  1451
11090  9690
 1801   401
 9504  8104
 9623  8223
 4416  3016
 2034   634
 8464  7064
 3353  1953
 7047  5647
14968 13568
 9845  8445
 4028  2628
 6657  5257
 2379   979
10287  8887
14658 13258
13968 12568
 7953  6553
 3482  2082
10474  9074
15349 13949
 1506   106
 4944  3544
11655 10255
 9114  7714
13549 12149
 9640  8240
 2412  1012
 2242   842
 9671  8271
11263  9863
13172 11772
 3051  1651
 7987  6587
12897 11497
 2622  1222
 8973  7573
11437 10037
10228  8828
 3237  1837
10146  8746
 4625  3225
 9714  8314
 2717  1317
15362 13962
 7945  6545
10913  9513
 9481  8081
 7417  6017
10867  9467
 8928  7528
 9322  7922
11527 10127
 4384  2984
 6192  4792
12098 10698
12613 11213
14345 12945
12428 11028
 2135   735
 7327  5927
13949 12549
 5351  3951
 3458  2058
10034  8634
 5461  4061
 5409  4009
 6887  5487
 3683  2283
 3784  2384
 2165   765
 5856  4456
11353  9953
13002 11602
 1634   234
 8770  7370
 8232  6832
11247  9847
 9924  8524
10912  9512
11819 10419
14494 13094
10638  9238
12062 10662
 2925  1525
 9072  7672
11159  9759
13694 12294
 1572   172
 3208  1808
 9358  7958
 9174  7774
 9035  7635
15228 13828
12699 11299
12131 10731
13835 12435
 3122  1722
12595 11195
15287 13887
 4501  3101
 9958  8558
 7767  6367
14605 13205
 4862  3462
10007  8607
12650 11250
 7261  5861
11095  9695
 3890  2490
 2829  1429
 5835  4435
 4248  2848
10613  9213
13737 12337
 8282  6882
13241 11841
 3542  2142
 5305  3905
 5918  4518
11581 10181
 7756  6356
11601 10201
 3103  1703
 4635  3235
 7131  5731
 2926  1526
 5994  4594
11658 10258
10269  8869
10540  9140
 5425  4025
 7752  6352
 8060  6660
 6750  5350
 9650  8250
 2631  1231
11420 10020
12109 10709
 1941   541
 1493    93
 9381  7981
10224  8824
 4974  3574
 2214   814
 1422    22
10421  9021
11651 10251
 4480  3080
 4917  3517
10777  9377
 4024  2624
 3011  1611
10219  8819
14681 13281
 3238  1838
12643 11243
 4236  2836
 7750  6350
 6858  5458
 7731  6331
 8716  7316
 6927  5527
14825 13425
 9888  8488
 9661  8261
 8013  6613
 3793  2393
 2999  1599
13469 12069
 5952  4552
11643 10243
 4164  2764
 4524  3124
15217 13817
 2957  1557
14120 12720
 4732  3332
10276  8876
12012 10612
 5254  3854
 2897  1497
12125 10725
 4894  3494
11946 10546
 5608  4208
11803 10403
 8589  7189
 5958  4558
 4755  3355
 2837  1437
11480 10080
 1451    51
12994 11594
 4128  2728
 7315  5915
 5616  4216
 1614   214
 3066  1666
 2479  1079
11474 10074
 7486  6086
13270 11870
 3429  2029
11640 10240
 4669  3269
 2804  1404
 5179  3779
12466 11066
 9427  8027
 2636  1236
 2377   977
 9374  7974
11087  9687
 7975  6575
 8629  7229
12102 10702
 1974   574
 9259  7859
11930 10530
 6809  5409
14165 12765
 9105  7705
 2167   767
13860 12460
 5363  3963
13828 12428
 8500  7100
 1821   421
14978 13578
14199 12799
11184  9784
 7228  5828
 5764  4364
13748 12348
 3446  2046
10327  8927
10537  9137
13117 11717
 1965   565
 1576   176
 4982  3582
 8769  7369
12510 11110
10029  8629
10322  8922
 3517  2117
11249  9849
 8251  6851
 4747  3347
14651 13251
 7360  5960
 8960  7560
 8614  7214
 2972  1572
13581 12181
 5300  3900
 6595  5195
 8942  7542
 6111  4711
10779  9379
14078 12678
 3962  2562
11303  9903
14954 13554
15025 13625
11468 10068
 2018   618
 9987  8587
 8839  7439
 5600  4200
 5943  4543
 1550   150
 3067  1667
 9270  7870
 5888  4488
12918 11518
 7855  6455
 2385   985
10405  9005
 5998  4598
12618 11218
13457 12057
 3155  1755
 6094  4694
 5177  3777
 9291  7891
11420 10020
 4142  2742
12773 11373
12834 11434
 5993  4593
 3965  2565
 4389  2989
 2421  1021
10186  8786
15054 13654
 9082  7682
 7237  5837
14749 13349
 3072  1672
 9992  8592
 2352   952
 2141   741
 4185  2785
12965 11565
 1855   455
 9314  7914
12430 11030
 4090  2690
 3048  1648
10214  8814
 8657  7257
 3606  2206
14129 12729
 2136   736
 7160  5760
10514  9114
 6018  4618
 2489  1089
 2246   846
11071  9671
10965  9565
 5780  4380
 2120   720
10748  9348
 3629  2229
 6011  4611
 8094  6694
14691 13291
11216  9816
15340 13940
11059  9659
13427 12027
 6051  4651
 6546  5146
 5547  4147
 4312  2912
12336 10936
11496 10096
 1561   161
 6774  5374
 6918  5518
14952 13552
14634 13234
12357 10957
13678 12278
 4194  2794
 1601   201
12486 11086
 3909  2509
 6136  4736
12192 10792
 3620  2220
 6651  5251
14038 12638
 8528  7128
12374 10974
 1894   494
 3679  2279
13005 11605
 1953   553
 6564  5164
 8866  7466
 4928  3528
 6954  5554
 4475  3075
10668  9268
 8554  7154
 2184   784
 4543  3143
 1863   463
 7898  6498
15064 13664
 8079  6679
 4815  3415
15292 13892
 6202  4802
 6876  5476
 2549  1149
12527 11127
 7433  6033
15080 13680
11341  9941
11568 10168
15128 13728
 3526  2126
 9762  8362
 8472  7072
 3064  1664
 7860  6460
 8570  7170
12495 11095
11942 10542
11858 10458
14196 12796
10507  9107
 4481  3081
14798 13398
 2685  1285
 4281  2881
13689 12289
 4461  3061
 1969   569
 5639  4239
 3763  2363
10455  9055
 2143   743
 3179  1779
13545 12145
 3168  1768
11894 10494
 4132  2732
 2862  1462
 2367   967
12123 10723
 9435  8035
 9711  8311
 4445  3045
 2109   709
 3877  2477
 5525  4125
 8907  7507
 7295  5895
15080 13680
12919 11519
 9744  8344
13300 11900
 8807  7407
13453 12053
14814 13414
 4730  3330
11420 10020
 1791   391
 9008  7608
 7004  5604
 3393  1993
13628 12228
 2674  1274
 1787   387
 5531  4131
12230 10830
10125  8725
14807 13407
15220 13820
11626 10226
 2174   774
 4712  3312
10916  9516
 6813  5413
 7777  6377
 3641  2241
 9274  7874
14994 13594
 9215  7815
 6788  5388
11932 10532
 4073  2673
11281  9881
 1864   464
10633  9233
 3009  1609
11936 10536
 8486  7086
 6631  5231
 6926  5526
12587 11187
11132  9732
 4431  3031
12214 10814
 6692  5292
 6152  4752
 7841  6441
11109  9709
11447 10047
13423 12023
11396  9996
 2192   792
 8232  6832
 9686  8286
11646 10246
 5158  3758
 6408  5008
 5356  3956
 7373  5973
 8083  6683
14996 13596
 9819  8419
 9264  7864
 4302  2902
11626 10226
 4659  3259
13525 12125
 2130   730
 5336  3936
13175 11775
 7919  6519
14826 13426
 7971  6571
12083 10683
 6179  4779
 5013  3613
 7297  5897
 5626  4226
13695 12295
 8538  7138
14643 13243
 2415  1015
 2568  1168
 3189  1789
 2867  1467
13145 11745
11999 10599
12606 11206
11382  9982
 9306  7906
10624  9224
 6715  5315
11981 10581
10568  9168
11526 10126
 6444  5044
 8046  6646
 4970  3570
 7438  6038
 3716  2316
 1898   498
 7663  6263
 9574  8174
 6135  4735
12427 11027
 8391  6991
 9970  8570
13919 12519
12572 11172
 9077  7677
 8379  6979
12281 10881
 1781   381
13148 11748
 5700  4300
11068  9668
 4497  3097
 6487  5087
 5675  4275
10985  9585
12829 11429
 6197  4797
 8871  7471
 7998  6598
 8000  6600
 1889   489
12052 10652
10901  9501
14066 12666
 5856  4456
 3065  1665
 7546  6146
10042  8642
14787 13387
 1602   202
11769 10369
13000 11600
15036 13636
10751  9351
12054 10654
13771 12371
13149 11749
 7624  6224
13206 11806
 2767  1367
 3451  2051
 4907  3507
 8426  7026
 7671  6271
 2450  1050
 4724  3324
 1452    52
 3316  1916
14227 12827
13271 11871
11633 10233
 4623  3223
13272 11872
12829 11429
 4591  3191
 8681  7281
14537 13137
 5257  3857
10760  9360
11420 10020
 2070   670
14214 12814
 8933  7533
 6028  4628
 7492  6092
10239  8839
 6078  4678
 6144  4744
 7141  5741
 7530  6130
 5173  3773
10904  9504
 3616  2216
 2130   730
 4050  2650
 7866  6466
 8511  7111
15375 13975
 5833  4433
14572 13172
 6679  5279
 9444  8044
 1640   240
 2576  1176
10691  9291
 2597  1197
 1436    36
 8679  7279
 4409  3009
 1859   459
10836  9436
 1683   283
 3742  2342
 1558   158
 7885  6485
 9662  8262
11317  9917
 9654  8254
12092 10692
10336  8936
10418  9018
12581 11181
 2714  1314
 2017   617
 9821  8421
11436 10036
 7913  6513
 7980  6580
10754  9354
 2529  1129
 9781  8381
 9131  7731
 9430  8030
 6674  5274
 3254  1854
 1477    77
 9588  8188
 9985  8585
10690  9290
 4529  3129
 3637  2237
13707 12307
 6079  4679
11413 10013
 5469  4069
11654 10254
10790  9390
 9376  7976
 2050   650
 8327  6927
 8275  6875
 6240  4840
 8488  7088
 5726  4326
13257 11857
 6528  5128
 8232  6832
 7022  5622
 3458  2058
 9858  8458
 6255  4855
13965 12565
 8644  7244
13029 11629
 2274   874
 8900  7500
 1568   168
10867  9467
12575 11175
 5427  4027
 6340  4940
10378  8978
11823 10423
 6645  5245
 7919  6519
11461 10061
 2552  1152
 5835  4435
13476 12076
 3702  2302
 7871  6471
14151 12751
 2104   704
 5858  4458
14891 13491
 3495  2095
14998 13598
13576 12176
13812 12412
 7852  6452
 6994  5594
12320 10920
 4729  3329
14823 13423
11563 10163
11309  9909
 7857  6457
 3791  2391
13305 11905
 6654  5254
11050  9650
 3937  2537
 2533  1133
 2934  1534
12654 11254
 4372  2972
 4264  2864
 8086  6686
 4467  3067
 3911  2511
12956 11556
 8852  7452
10033  8633
13322 11922
10190  8790
12459 11059
 1838   438
 6870  5470
 4021  2621
11486 10086
13797 12397
11258  9858
13725 12325
 4474  3074
 1670   270
10563  9163
14348 12948
 2583  1183
 6727  5327
13942 12542
 1430    30
14090 12690
 1911   511
 6141  4741
 9627  8227
 4042  2642
 4707  3307
10397  8997
14125 12725
15165 13765
14130 12730
14320 12920
11088  9688
11119  9719
13691 12291
 4979  3579
15194 13794
 7519  6119
 7430  6030
 4526  3126
 9675  8275
 1797   397
11664 10264
11483 10083
10486  9086
 2307   907
 2664  1264
10437  9037
 1532   132
 3976  2576
 2614  1214
10879  9479
 9130  7730
 9515  8115
12251 10851
 3261  1861
 7049  5649
13098 11698
 9700  8300
11475 10075
12803 11403
 9198  7798
 4968  3568
14521 13121
 8389  6989
12827 11427
13457 12057
 2791  1391
 3408  2008
 2577  1177
 8839  7439
 4227  2827
12810 11410
12770 11370
 7224  5824
 7060  5660
14145 12745
14161 12761
12708 11308
11489 10089
 9584  8184
14787 13387
 2708  1308
 6363  4963
 9402  8002
 6229  4829
12746 11346
 1780   380
 7906  6506
 8185  6785
 5908  4508
 2667  1267
 9533  8133
 1518   118
15354 13954
 8598  7198
11088  9688
 6730  5330
 4519  3119
 1802   402
14659 13259
 4631  3231
15397 13997
12073 10673
12247 10847
13656 12256
 7121  5721
 9960  8560
 3571  2171
12903 11503
13757 12357
 3532  2132
 7610  6210
 2716  1316
10772  9372
 6161  4761
10265  8865
