400 21725
 1513     1
 4054  2552
14376 12863
 2694  1186
 2042   557
 2900  1402
 9395  7882
 6933  5438
13143 11631
 3356  1863
12105 10605
 7033  5525
10824  9328
11611 10096
 9447  7939
16454 14956
13542 12041
 9704  8215
11077  9573
16203 14699
 3315  1823
11765 10275
11358  9868
 2552  1059
 3708  2208
 4395  2904
11883 10395
10927  9425
 6122  4613
 6477  4985
11855 10343
12193 10690
13615 12104
13517 12016
 3575  2064
13159 11647
13939 12445
 7756  6257
11380  9887
 9070  7568
 8584  7082
12443 10949
15045 13544
 5200  3714
 6729  5240
 2331   842
 2357   863
14153 12651
 6992  5497
 3080  1573
 2342   828
14249 12746
11824 10314
10448  8962
15018 13513
 8509  7017
 9033  7528
 6636  5127
15297 13792
12708 11213
15531 14028
 3427  1927
 8450  6951
 3128  1634
 9521  8009
 4790  3283
16266 14765
 4465  2953
 5729  4234
 3320  1832
 8037  6524
14932 13419
 4739  3238
15037 13525
15256 13759
 1673   172
 8447  6958
 3144  1635
 2808  1299
15944 14435
 9693  8195
 9591  8101
 5872  4367
 3956  2462
 7735  6250
15183 13695
 3918  2429
15360 13848
 5844  4337
13351 11841
10410  8905
 2692  1181
12691 11201
15720 14235
 9014  7526
 1771   258
 7651  6140
14858 13352
 3845  2350
 9736  8231
 3196  1709
 1608    93
12312 10824
12317 10814
15532 14021
12569 11080
 4888  3377
10103  8611
12770 11281
10757  9243
13848 12350
 7820  6331
 3027  1527
 9997  8488
 9115  7613
 2095   599
14042 12552
11278  9764
 8328  6817
10230  8720
 7380  5876
 8351  6854
 8223  6725
 7050  5546
12917 11403
14048 12558
 5951  4437
 3564  2051
 4231  2728
13701 12216
 6181  4666
 1562    74
12357 10870
 7745  6240
 9903  8404
 9580  8066
 4740  3236
10461  8974
 8089  6575
12205 10702
15350 13859
 9911  8409
 2196   705
 5948  4460
12924 11428
 2920  1421
 7302  5799
12317 10828
 6862  5348
 6439  4927
 2224   717
 5683  4176
 4861  3369
11133  9629
 9603  8117
13348 11851
15742 14251
 7051  5560
 7058  5572
 5399  3900
11045  9542
 4881  3379
 5060  3562
10047  8554
 5574  4068
11090  9587
 5695  4200
 3636  2150
 5375  3870
 9030  7518
14489 12985
11091  9598
10549  9057
13180 11694
 2402   891
 9244  7742
 2945  1434
 2075   565
 7508  6021
16167 14654
 8327  6837
10178  8672
11461  9952
 8290  6785
12961 11455
10521  9030
11139  9648
 8752  7257
13240 11729
15264 13760
11115  9618
16342 14846
 6050  4565
15223 13720
14738 13229
15206 13694
 2326   816
 9157  7659
11165  9651
12641 11147
 7445  5936
12663 11161
16024 14518
10740  9234
 4786  3278
 3686  2201
 5006  3509
 7296  5792
12758 11251
12631 11128
 9985  8494
 6099  4605
 7662  6164
12034 10528
 3589  2075
 7660  6154
 6632  5143
 6011  4498
13188 11679
 4381  2892
 2968  1476
10613  9127
12190 10680
 8679  7168
 9614  8126
 6579  5072
11965 10460
 9596  8095
14971 13458
 9614  8107
 2908  1398
12392 10881
 7559  6061
 2739  1239
 8544  7055
 8266  6779
 7277  5768
 6238  4732
14481 12967
 1523    35
 5553  4045
 4989  3477
11995 10507
 4173  2680
12854 11344
 2918  1407
13903 12414
 9532  8020
 3102  1608
16490 14993
 4768  3274
 6646  5131
 8235  6725
11330  9820
 6282  4774
10009  8516
14887 13377
13367 11874
11303  9815
10036  8532
12374 10881
 5723  4233
11042  9536
 2740  1231
 4684  3187
 3523  2031
12792 11292
 3936  2441
 4535  3047
 9491  7996
12320 10832
10757  9246
 9511  8008
15474 13973
 6104  4596
16368 14864
14739 13226
 9630  8125
 3424  1936
 2022   519
13082 11571
12265 10779
 2399   897
 6803  5295
15744 14243
14656 13168
 9969  8467
16108 14599
 4493  2982
 6716  5224
 3070  1581
 2634  1126
12152 10646
 3551  2038
11002  9498
 5664  4174
14530 13027
 4067  2570
 7671  6172
16466 14979
 9890  8381
 7814  6300
 7609  6097
 9781  8275
 9922  8429
 6975  5471
12098 10600
 3160  1652
 9167  7666
 7155  5665
15137 13642
10706  9202
 2087   600
14864 13351
 1884   371
 8717  7224
 9882  8367
12014 10507
 9773  8271
 4832  3324
14420 12916
13367 11871
 9711  8223
14915 13429
 3795  2281
13354 11857
12508 11020
 8318  6814
11128  9628
 9350  7839
 5246  3744
 9643  8130
13015 11504
 3231  1730
 5953  4466
11471  9975
14686 13172
 2554  1044
 7681  6176
 2694  1197
10790  9279
 2967  1459
10779  9283
14651 13158
10759  9262
 5748  4254
15433 13936
 3686  2181
 7120  5617
12535 11036
 3076  1580
 2617  1129
12216 10731
13773 12274
 2581  1077
 5084  3585
 4623  3129
 2821  1307
 4500  3013
10740  9254
16489 14976
 7436  5927
 6335  4840
14834 13326
11613 10128
 9135  7622
15961 14458
 6079  4565
 5125  3629
 6994  5500
12982 11467
11529 10027
 6477  4978
11751 10245
15573 14061
12931 11435
 1797   302
 6258  4751
 5946  4458
15588 14095
 3674  2176
 7946  6452
 3416  1920
 7934  6423
16405 14909
 2902  1391
 9768  8254
10048  8537
15047 13534
 5472  3972
16195 14686
16026 14511
 9949  8452
15415 13922
15569 14059
 5966  4470
13601 12086
16356 14858
 8559  7074
 5655  4163
