1100 12974
 1301     1
11419 10119
 6852  5552
11039  9739
12163 10863
 5905  4605
 8486  7186
13970 12670
 1857   557
13319 12019
 7702  6402
 4214  2914
13182 11882
 5790  4490
12738 11438
 4733  3433
13931 12631
11380 10080
 7163  5863
13998 12698
 5905  4605
 7911  6611
 4825  3525
 9110  7810
12628 11328
 4755  3455
 6396  5096
13088 11788
 6239  4939
 8815  7515
 2256   956
12949 11649
10341  9041
 8386  7086
 8515  7215
 2063   763
 2873  1573
 3363  2063
12999 11699
 2719  1419
 3123  1823
 3894  2594
 7575  6275
 5182  3882
 5168  3868
 9458  8158
12359 11059
11945 10645
 5508  4208
 6295  4995
12204 10904
 6261  4961
 6695  5395
 6797  5497
 9725  8425
 3954  2654
11913 10613
 1743   443
 7285  5985
 9893  8593
11643 10343
 3751  2451
 3990  2690
11701 10401
 5404  4104
 3523  2223
11316 10016
 5934  4634
 9364  8064
 5253  3953
 1947   647
 4868  3568
 6745  5445
 9928  8628
 7557  6257
 3279  1979
14187 12887
 4558  3258
 7868  6568
 4853  3553
13382 12082
 3374  2074
14249 12949
 9406  8106
 1844   544
 6555  5255
 2014   714
 7449  6149
 8540  7240
 8312  7012
10142  8842
10571  9271
 6163  4863
11072  9772
 4951  3651
11887 10587
 2797  1497
 7522  6222
 2873  1573
 3337  2037
 9128  7828
14137 12837
 7046  5746
11525 10225
 8614  7314
 8617  7317
 4262  2962
 5845  4545
13813 12513
 3381  2081
10317  9017
 4767  3467
12828 11528
12222 10922
 6427  5127
 4284  2984
 6092  4792
10998  9698
 3513  2213
10245  8945
 9328  8028
14035 12735
12227 10927
 6849  5549
 8251  6951
11358 10058
10934  9634
 2361  1061
 1309     9
 6787  5487
 6583  5283
 4684  3384
 6065  4765
 1756   456
 8253  6953
11902 10602
 6534  5234
 1670   370
 7132  5832
14147 12847
 5824  4524
 2812  1512
 2719  1419
 6394  5094
 1538   238
 1962   662
 7825  6525
 8972  7672
 9059  7759
10594  9294
 4472  3172
 7108  5808
 7258  5958
10074  8774
 6935  5635
10128  8828
 1599   299
 2031   731
 4735  3435
14022 12722
 9495  8195
 9187  7887
 2401  1101
 4858  3558
 2667  1367
 2505  1205
 1762   462
12907 11607
 3550  2250
13161 11861
 3995  2695
 4790  3490
 5729  4429
10735  9435
 3148  1848
12513 11213
 7637  6337
 9182  7882
 6141  4841
 4442  3142
 2205   905
 6818  5518
12481 11181
 9656  8356
12501 11201
13003 11703
10535  9235
 3031  1731
13826 12526
 2894  1594
 8558  7258
 4169  2869
 6440  5140
12325 11025
 7652  6352
 5960  4660
 4650  3350
 6550  5250
11531 10231
 7320  6020
11009  9709
 9841  8541
 2393  1093
 3281  1981
14124 12824
 1874   574
 9114  7814
 8322  7022
 2321  1021
 6551  5251
12380 11080
 1817   517
 9677  8377
 7924  6624
12911 11611
 7119  5819
 6581  5281
10138  8838
 9543  8243
 3136  1836
 8650  7350
10758  9458
 4631  3331
13616 12316
 7827  6527
 4725  3425
 2788  1488
12561 11261
13913 12613
12693 11393
 5899  4599
 8369  7069
 5852  4552
 1543   243
 4064  2764
11424 10124
 7117  5817
 5857  4557
 3020  1720
 4632  3332
10176  8876
 9912  8612
12154 10854
 3797  2497
 4025  2725
 3794  2494
 3846  2546
11508 10208
 1703   403
 1489   189
 7858  6558
 3655  2355
12737 11437
 6380  5080
 7351  6051
13894 12594
 6028  4728
 7215  5915
 3516  2216
 1514   214
 8966  7666
 9379  8079
 2374  1074
12386 11086
 2170   870
 4329  3029
13540 12240
 2569  1269
10704  9404
 2079   779
 8366  7066
 1327    27
 9536  8236
13277 11977
 8274  6974
13987 12687
 5875  4575
13529 12229
 6002  4702
 5874  4574
10159  8859
 4830  3530
 9709  8409
13065 11765
12005 10705
 8067  6767
 1760   460
13263 11963
11728 10428
 2400  1100
 6721  5421
 9878  8578
11099  9799
 4084  2784
 7128  5828
 2664  1364
 1648   348
 7346  6046
10227  8927
 4437  3137
13017 11717
 2865  1565
 5476  4176
 7882  6582
13669 12369
 6410  5110
 5929  4629
 3222  1922
12417 11117
11149  9849
 2151   851
 4647  3347
 1551   251
13260 11960
 8860  7560
12514 11214
 4872  3572
12481 11181
 5200  3900
 9495  8195
 4842  3542
 7011  5711
11679 10379
10978  9678
 4862  3562
 8203  6903
 4854  3554
 4925  3625
10368  9068
12918 11618
 5887  4587
 4739  3439
12500 11200
10843  9543
 2450  1150
12967 11667
10170  8870
10788  9488
 8818  7518
 2755  1455
 5285  3985
 7305  6005
12898 11598
 1518   218
 9357  8057
 7055  5755
13994 12694
11077  9777
 7191  5891
 3320  2020
13042 11742
 4673  3373
12734 11434
11893 10593
 2865  1565
11289  9989
 9321  8021
 6086  4786
 8954  7654
 1982   682
12137 10837
 5649  4349
13972 12672
 1892   592
13252 11952
 7041  5741
 3085  1785
 4865  3565
 1755   455
 5214  3914
 1330    30
 2990  1690
 7948  6648
 4114  2814
 3557  2257
10506  9206
14029 12729
13036 11736
 6060  4760
 6414  5114
 8918  7618
 2389  1089
11146  9846
 6971  5671
 1865   565
10680  9380
12020 10720
 7648  6348
 7529  6229
12911 11611
 4994  3694
 5591  4291
 8116  6816
 8240  6940
13959 12659
 1327    27
 2951  1651
 6446  5146
 1447   147
 9212  7912
 6236  4936
11396 10096
12461 11161
 9674  8374
 6818  5518
11852 10552
 1534   234
 5257  3957
11578 10278
12094 10794
 6501  5201
 2386  1086
13809 12509
 8036  6736
12092 10792
13520 12220
 1551   251
 2938  1638
12428 11128
14274 12974
 8794  7494
 5579  4279
 1905   605
 9853  8553
 7464  6164
 9766  8466
 4828  3528
13854 12554
 9375  8075
 3568  2268
 8454  7154
11084  9784
 3443  2143
13763 12463
11798 10498
13964 12664
12979 11679
 8715  7415
 9192  7892
12102 10802
 3776  2476
 6449  5149
10427  9127
 4333  3033
 6980  5680
 5241  3941
 5468  4168
10028  8728
 2426  1126
13662 12362
11372 10072
 3964  2664
 2760  1460
 8470  7170
 4395  3095
13842 12542
 8758  7458
 9096  7796
 5407  4107
12381 11081
12698 11398
 8585  7285
12181 10881
 3589  2289
13361 12061
 8869  7569
11539 10239
 1663   363
 5355  4055
 5043  3743
 6079  4779
 8445  7145
 2068   768
 4794  3494
 7032  5732
 6762  5462
 4267  2967
 3023  1723
11335 10035
 8611  7311
 5345  4045
14009 12709
 8777  7477
 8425  7125
 1807   507
 5195  3895
 5980  4680
 9819  8519
 4644  3344
11200  9900
13707 12407
 1353    53
11714 10414
 7630  6330
 7320  6020
 1691   391
 1908   608
 7904  6604
11293  9993
 1528   228
11574 10274
12687 11387
 6431  5131
 6130  4830
 3025  1725
12707 11407
 5120  3820
 9526  8226
13074 11774
11612 10312
11816 10516
 5713  4413
 1677   377
 1541   241
 2174   874
12894 11594
 9115  7815
12688 11388
12832 11532
12973 11673
 5181  3881
 1764   464
 5533  4233
 2909  1609
 2836  1536
10386  9086
 2531  1231
10826  9526
 9487  8187
 5032  3732
 6331  5031
11114  9814
 9592  8292
12052 10752
 5741  4441
 9009  7709
10347  9047
 3323  2023
13296 11996
14092 12792
 3132  1832
 1586   286
13546 12246
 6058  4758
 9308  8008
 7256  5956
 7273  5973
 9983  8683
 7896  6596
 7719  6419
 8164  6864
 4202  2902
 6526  5226
 3559  2259
 4425  3125
 3030  1730
12236 10936
10075  8775
 7819  6519
 9726  8426
12871 11571
 6983  5683
 7079  5779
 7913  6613
 9197  7897
13526 12226
13595 12295
10438  9138
 6543  5243
13315 12015
 6468  5168
 3089  1789
13767 12467
14045 12745
11899 10599
 9506  8206
 3282  1982
12206 10906
 5524  4224
12615 11315
 2881  1581
 9468  8168
 7426  6126
12344 11044
 2946  1646
 9870  8570
 2338  1038
11616 10316
11798 10498
 6563  5263
 1474   174
14035 12735
 2327  1027
10291  8991
 5870  4570
 3819  2519
 2472  1172
10977  9677
 4279  2979
 3181  1881
 3681  2381
 9048  7748
13600 12300
11968 10668
 5397  4097
 2387  1087
10575  9275
 1885   585
11729 10429
13097 11797
 3771  2471
 7898  6598
 4900  3600
 2789  1489
 3952  2652
13801 12501
 7966  6666
 4756  3456
11965 10665
 7446  6146
 7942  6642
13687 12387
 1502   202
 4669  3369
 9900  8600
 6936  5636
12651 11351
10954  9654
 3671  2371
11049  9749
 3524  2224
14106 12806
10667  9367
 5351  4051
10807  9507
13326 12026
 8571  7271
11350 10050
 6624  5324
11352 10052
14216 12916
11127  9827
 9171  7871
13533 12233
 8523  7223
 7172  5872
 1729   429
 8491  7191
 2581  1281
 2437  1137
 3157  1857
 7660  6360
11320 10020
 6970  5670
 2114   814
 5833  4533
 7928  6628
 7392  6092
 9139  7839
11978 10678
 6044  4744
 7041  5741
 9430  8130
14073 12773
12804 11504
 6516  5216
13030 11730
13950 12650
 6766  5466
 4411  3111
10275  8975
10733  9433
 5472  4172
 7579  6279
 8344  7044
13540 12240
11476 10176
 2591  1291
 7497  6197
 7336  6036
 1579   279
 4309  3009
 1759   459
 4736  3436
 2583  1283
 3642  2342
 2458  1158
13785 12485
 7562  6262
10217  8917
 9554  8254
 3992  2692
 5236  3936
10318  9018
 2481  1181
 4614  3314
 3917  2617
13721 12421
 9336  8036
12813 11513
 4880  3580
 8654  7354
 8429  7129
 8681  7381
12031 10731
 1330    30
 7574  6274
12154 10854
12377 11077
 3488  2188
11885 10585
 7590  6290
 9429  8129
 7537  6237
 3607  2307
12979 11679
 7313  6013
 4369  3069
 6554  5254
13690 12390
 2276   976
11950 10650
 6227  4927
14175 12875
14140 12840
 9388  8088
13626 12326
10157  8857
13428 12128
13132 11832
 1922   622
 2358  1058
 3758  2458
13155 11855
 7865  6565
 3544  2244
 3929  2629
 4174  2874
 2800  1500
 5468  4168
 6767  5467
 7475  6175
 3327  2027
 2240   940
11278  9978
 5723  4423
10545  9245
 9819  8519
 1361    61
 1452   152
 6735  5435
11376 10076
 1602   302
 3771  2471
14051 12751
 2004   704
 5758  4458
 7791  6491
 9395  8095
 1898   598
 8476  7176
12712 11412
 4752  3452
11894 10594
10220  8920
 3629  2329
 6723  5423
 9463  8163
 6209  4909
 7757  6457
 9691  8391
14205 12905
 9554  8254
12950 11650
 8837  7537
 9433  8133
 6834  5534
13554 12254
11272  9972
14164 12864
 3986  2686
 6367  5067
 9811  8511
13856 12556
 7752  6452
 5933  4633
 3222  1922
10090  8790
 4359  3059
13738 12438
11770 10470
 6921  5621
 7386  6086
11697 10397
10158  8858
11625 10325
12374 11074
 6570  5270
12463 11163
 5248  3948
 9483  8183
 6627  5327
 9842  8542
 3330  2030
10990  9690
12811 11511
 8041  6741
10527  9227
 2942  1642
 6607  5307
13297 11997
13025 11725
 3065  1765
 5030  3730
 6220  4920
 6988  5688
12019 10719
 4591  3291
11879 10579
12094 10794
 7419  6119
11330 10030
13426 12126
 6575  5275
13697 12397
13564 12264
 1383    83
12386 11086
 6207  4907
 6564  5264
 2337  1037
10432  9132
 5876  4576
 5514  4214
 9779  8479
11030  9730
13415 12115
 7151  5851
11161  9861
 9949  8649
 2998  1698
 3600  2300
11375 10075
11703 10403
10098  8798
 5868  4568
13421 12121
11289  9989
 1727   427
 9357  8057
 8691  7391
12308 11008
 3477  2177
12739 11439
 7127  5827
11710 10410
 4670  3370
10124  8824
13960 12660
 2045   745
 4061  2761
 9608  8308
 1389    89
 5484  4184
 1687   387
 3608  2308
11263  9963
 7302  6002
13129 11829
 4646  3346
10680  9380
 3806  2506
 8085  6785
 5808  4508
 5567  4267
10433  9133
 7418  6118
 7254  5954
 1498   198
10988  9688
 5630  4330
 1419   119
 4702  3402
10559  9259
 8531  7231
 3297  1997
12973 11673
 4147  2847
13556 12256
 5021  3721
11860 10560
 9471  8171
13803 12503
 2657  1357
 7432  6132
 1510   210
 8616  7316
 7672  6372
 3061  1761
 3165  1865
 6135  4835
 1908   608
12659 11359
 3512  2212
 8439  7139
 4243  2943
 3693  2393
 6116  4816
 7715  6415
14264 12964
 5567  4267
 2159   859
 2686  1386
 3254  1954
 5571  4271
 3556  2256
 3216  1916
12504 11204
 6360  5060
 1522   222
 9663  8363
12675 11375
11880 10580
 9484  8184
 3044  1744
 7797  6497
 3733  2433
13859 12559
 2116   816
 4958  3658
 3039  1739
 7856  6556
12943 11643
 8340  7040
 7140  5840
 7702  6402
11560 10260
12062 10762
 4868  3568
 7187  5887
 7178  5878
 8006  6706
10704  9404
 8824  7524
 2667  1367
 7417  6117
 2599  1299
 1702   402
12343 11043
 8083  6783
 5988  4688
 8120  6820
 2076   776
 6323  5023
 7376  6076
13191 11891
 1597   297
 5102  3802
13575 12275
11904 10604
 1958   658
11735 10435
 8362  7062
 7458  6158
13163 11863
 4820  3520
 9152  7852
10324  9024
 9021  7721
11764 10464
10905  9605
 9971  8671
 5354  4054
 3300  2000
 7265  5965
 3185  1885
 4816  3516
10696  9396
 3710  2410
 5417  4117
 9886  8586
12495 11195
 5494  4194
 8551  7251
 8318  7018
 3312  2012
 7687  6387
 7717  6417
10011  8711
 1385    85
12268 10968
13415 12115
 8579  7279
14110 12810
 6649  5349
 3552  2252
 2969  1669
 7702  6402
 5980  4680
 6126  4826
13994 12694
 6745  5445
11560 10260
 3168  1868
 9857  8557
13405 12105
11631 10331
 3472  2172
 5785  4485
 2504  1204
 8075  6775
 4427  3127
 9151  7851
 6088  4788
 7265  5965
 7244  5944
12218 10918
 6422  5122
10138  8838
12729 11429
 7360  6060
 6033  4733
 5344  4044
12414 11114
 2334  1034
14175 12875
11377 10077
 7925  6625
12179 10879
 4094  2794
 3019  1719
 1312    12
 2138   838
 1913   613
 5772  4472
 1325    25
11186  9886
 8174  6874
11509 10209
 3975  2675
 3435  2135
10180  8880
 1363    63
 3093  1793
 6287  4987
 6874  5574
 5289  3989
 8540  7240
11043  9743
12770 11470
10309  9009
 8720  7420
 3761  2461
11236  9936
11309 10009
11216  9916
12452 11152
 2087   787
 2406  1106
 5718  4418
 4926  3626
 1658   358
 5697  4397
 8982  7682
 9337  8037
11593 10293
 2907  1607
 7998  6698
 9688  8388
12131 10831
 3743  2443
 8796  7496
 5497  4197
12904 11604
 8593  7293
14022 12722
11915 10615
 5944  4644
 9578  8278
10665  9365
 7574  6274
13263 11963
14147 12847
 6733  5433
 9570  8270
13252 11952
10640  9340
 5480  4180
 5303  4003
 9585  8285
13675 12375
 9279  7979
 9982  8682
 1852   552
 5626  4326
 4236  2936
11588 10288
 7972  6672
 3174  1874
 7432  6132
