900 4997
  501     1
 1619  1119
 3052  2552
 1239   739
 3363  2863
 3105  2605
 1686  1186
 3170  2670
 1057   557
  519    19
 1902  1402
 1414   914
 3382  2882
  990   490
  938   438
 3933  3433
 2131  1631
 2580  2080
 2363  1863
 4198  3698
 1105   605
 2111  1611
 1025   525
 4310  3810
 4828  4328
 4955  4455
  596    96
 3288  2788
 3439  2939
 4015  3515
 5456  4956
 4149  3649
 2541  2041
 4586  4086
 3715  3215
 1263   763
 5073  4573
 2563  2063
 5199  4699
 3919  3419
 2323  1823
 5094  4594
  775   275
 1382   882
 5368  4868
 2658  2158
 1559  1059
 4145  3645
 2708  2208
 2495  1995
 3404  2904
 5461  4961
  895   395
 1997  1497
 4925  4425
 3154  2654
 5113  4613
  943   443
 5485  4985
 3093  2593
  843   343
 1951  1451
 1190   690
 3901  3401
 2604  2104
 4723  4223
 2516  2016
 1134   634
 2564  2064
 1453   953
 2147  1647
 1068   568
 2945  2445
 4128  3628
 1757  1257
 5479  4979
 5387  4887
 3758  3258
 3068  2568
 3053  2553
 2582  2082
 2574  2074
 1449   949
 2606  2106
 4044  3544
 1755  1255
 4214  3714
 3649  3149
  740   240
 4512  4012
 1342   842
 1771  1271
 1363   863
 4272  3772
 3151  2651
 4087  3587
  997   497
 1722  1222
 2073  1573
 2537  2037
 1328   828
 2337  1837
 3246  2746
 3725  3225
  814   314
 4817  4317
 4462  3962
 4045  3545
 4013  3513
 2581  2081
 2517  2017
 3967  3467
 3028  2528
 2422  1922
  627   127
 1484   984
 4292  3792
 3198  2698
 1713  1213
 1445   945
 4528  4028
 4235  3735
 2427  1927
 3049  2549
 2451  1951
  558    58
 2134  1634
  561    61
 3509  3009
 4987  4487
 3783  3283
 4884  4384
 5265  4765
 4956  4456
 3453  2953
 2102  1602
 4734  4234
 3870  3370
 2332  1832
 4347  3847
 2024  1524
 1012   512
 3919  3419
 1594  1094
 3738  3238
 2162  1662
 4025  3525
 1172   672
 4259  3759
  794   294
  672   172
 1308   808
 2458  1958
 5274  4774
 2135  1635
 5328  4828
 1799  1299
 1231   731
 4935  4435
 1222   722
 3695  3195
 2387  1887
 3601  3101
 3058  2558
 4867  4367
 3705  3205
 2962  2462
 5107  4607
 1750  1250
 3361  2861
 4195  3695
 4990  4490
 2929  2429
 4935  4435
 4348  3848
  713   213
 4837  4337
 3382  2882
 2341  1841
 1642  1142
 4405  3905
 4018  3518
 1681  1181
 4856  4356
 1701  1201
 5203  4703
 4735  4235
 4231  3731
 3026  2526
 1094   594
  758   258
 4369  3869
 1640  1140
 4525  4025
 3852  3352
 4160  3660
 2850  2350
 4750  4250
 3731  3231
 1520  1020
 2209  1709
 3041  2541
  593    93
 4481  3981
 1324   824
 2074  1574
 1314   814
  522    22
 4521  4021
  751   251
 1580  1080
 1017   517
 3877  3377
 4124  3624
 4111  3611
 5319  4819
 1781  1281
 2338  1838
 4743  4243
 1336   836
 2850  2350
 4958  4458
 1831  1331
 4816  4316
 2027  1527
  925   425
 3988  3488
 4761  4261
 3113  2613
 3893  3393
 1099   599
 2569  2069
 3052  2552
 4743  4243
 5264  4764
 4624  4124
 2317  1817
 2057  1557
 4220  3720
 4832  4332
 1376   876
 4112  3612
 2354  1854
 4997  4497
 2225  1725
 3994  3494
 1046   546
 2708  2208
 1903  1403
 2689  2189
 3058  2558
  855   355
 4937  4437
  580    80
 2551  2051
 4094  3594
 3228  2728
 4415  3915
 2716  2216
  714   214
 5166  4666
  579    79
  574    74
 3586  3086
 1370   870
 1529  1029
 1740  1240
 2769  2269
 3904  3404
 5279  4779
 3566  3066
 3527  3027
 3736  3236
 4477  3977
 4474  3974
 1187   687
 2075  1575
 3729  3229
 1202   702
 5074  4574
 4359  3859
 2030  1530
 3909  3409
 1265   765
 1205   705
 5267  4767
 4960  4460
 3463  2963
 1928  1428
 1600  1100
 1921  1421
 2078  1578
 1299   799
 4284  3784
 1328   828
 4864  4364
  848   348
 3546  3046
 5427  4927
 4637  4137
 1217   717
 4065  3565
 4676  4176
 4082  3582
 3869  3369
 3610  3110
 5129  4629
 3422  2922
 3617  3117
 5349  4849
 2351  1851
 1847  1347
 4751  4251
 2460  1960
 1060   560
 1714  1214
 1072   572
 4681  4181
 4400  3900
 2695  2195
 5042  4542
 5211  4711
 3879  3379
 2178  1678
 4062  3562
 4403  3903
 4054  3554
 4125  3625
 4568  4068
 5118  4618
 5087  4587
 3939  3439
 4700  4200
 3043  2543
 2650  2150
 1167   667
 4370  3870
 1988  1488
 3018  2518
 3955  3455
 3485  2985
 4505  4005
 5098  4598
 4718  4218
 4557  4057
 3255  2755
 2194  1694
 2277  1777
 1391   891
 4520  4020
 3242  2742
 3873  3373
 1934  1434
 5093  4593
 1065   565
 1489   989
 1521  1021
 3286  2786
 5154  4654
 4182  3682
 2337  1837
 4849  4349
 4172  3672
 4092  3592
 5452  4952
 4241  3741
 2285  1785
 3065  2565
 1955  1455
 4414  3914
 4530  4030
 2190  1690
 5148  4648
 4314  3814
 2757  2257
 2706  2206
 2229  1729
 4236  3736
 4260  3760
  614   114
 5118  4618
 3589  3089
 5346  4846
 5171  4671
 5065  4565
 2880  2380
 4220  3720
 2848  2348
 3729  3229
 5111  4611
 4194  3694
 3791  3291
 1316   816
 1440   940
 3159  2659
 4527  4027
 5151  4651
 1646  1146
 1647  1147
 2412  1912
 1436   936
 3596  3096
 1661  1161
 1874  1374
 5018  4518
 3052  2552
 4734  4234
 1457   957
 3778  3278
 3294  2794
 2701  2201
  586    86
 4009  3509
 5236  4736
 1292   792
 4720  4220
 1751  1251
 5138  4638
 1628  1128
 3474  2974
 3994  3494
 4779  4279
 5105  4605
 5053  4553
 1664  1164
 3966  3466
 1028   528
 5054  4554
 2575  2075
 1768  1268
 1654  1154
 2284  1784
  643   143
 3963  3463
 4998  4498
 4164  3664
 2179  1679
 3915  3415
 3392  2892
 1302   802
 1976  1476
 3649  3149
 4627  4127
 1533  1033
 1180   680
 2441  1941
 2668  2168
 2228  1728
 3626  3126
 3862  3362
  572    72
 1164   664
  960   460
 3670  3170
 3595  3095
 2042  1542
 3958  3458
 1296   796
 3607  3107
 3581  3081
 1898  1398
 4785  4285
 1381   881
 2789  2289
 1561  1061
 4069  3569
 1739  1239
 1863  1363
 2555  2055
 4243  3743
 2279  1779
 4645  4145
 1268   768
 4994  4494
 5232  4732
  962   462
 3467  2967
 2223  1723
  535    35
  811   311
 4545  4045
 1209   709
 3977  3477
 4625  4125
 1007   507
 5395  4895
 3180  2680
 3019  2519
 1844  1344
 2400  1900
 1907  1407
 2553  2053
 2914  2414
 4830  4330
 3520  3020
  891   391
 2108  1608
 3104  2604
 5493  4993
  728   228
 3774  3274
 3887  3387
  631   131
 1330   830
 2225  1725
 3907  3407
 5320  4820
 4726  4226
 5274  4774
 3812  3312
 4016  3516
 2913  2413
 3877  3377
 3741  3241
 2374  1874
 3094  2594
 5315  4815
 3888  3388
 4032  3532
 2173  1673
 1381   881
 3964  3464
 4733  4233
 2109  1609
 5036  4536
  586    86
 1731  1231
 2026  1526
 3687  3187
 1232   732
 2531  2031
 5314  4814
 1792  1292
 2252  1752
 2941  2441
 4209  3709
 3547  3047
 4523  4023
 3496  2996
 2292  1792
 1332   832
 4786  4286
 4746  4246
 3258  2758
 3508  3008
 3456  2956
 4473  3973
 4183  3683
 5096  4596
 1919  1419
 5364  4864
 5402  4902
 3726  3226
 1759  1259
 3625  3125
 2230  1730
 2436  1936
 4275  3775
 1019   519
  926   426
 2071  1571
 1183   683
 1279   779
 5113  4613
 1397   897
  726   226
  795   295
 1638  1138
 4743  4243
 4515  4015
 3668  3168
 3289  2789
 3967  3467
 4245  3745
 5099  4599
 3706  3206
 3482  2982
 4406  3906
  724   224
  815   315
 2081  1581
 1668  1168
 1626  1126
 4544  4044
 1146   646
 1070   570
 2538  2038
 2816  2316
 4998  4498
 3763  3263
 4674  4174
 3235  2735
 3527  3027
 1491   991
 3070  2570
 5019  4519
 1672  1172
 3177  2677
 5479  4979
 5381  4881
 3881  3381
 1248   748
 1800  1300
 3168  2668
 1597  1097
 2587  2087
 3775  3275
 3085  2585
 3929  3429
 3297  2797
  971   471
 4098  3598
 1100   600
 1989  1489
 2152  1652
 4001  3501
 3166  2666
 1956  1456
 1165   665
 2646  2146
 4142  3642
 4887  4387
 4702  4202
 3869  3369
 1100   600
 2136  1636
 3851  3351
 4154  3654
  871   371
 2249  1749
 2724  2224
 3306  2806
 3867  3367
 1551  1051
 1007   507
 1526  1026
 3771  3271
 2550  2050
 3824  3324
 4552  4052
 3416  2916
 4327  3827
 2371  1871
  733   233
 3723  3223
 5372  4872
 3929  3429
 1691  1191
 2781  2281
 4637  4137
 2357  1857
 2860  2360
 1520  1020
 2170  1670
 2314  1814
 4033  3533
 5128  4628
 1592  1092
 3339  2839
 1178   678
 4244  3744
 3241  2741
 3630  3130
 4273  3773
 2004  1504
 3716  3216
 2230  1730
 3150  2650
 4966  4466
 4611  4111
 5475  4975
 4933  4433
 3672  3172
  779   279
 1544  1044
  740   240
 1676  1176
 3791  3291
 1697  1197
 4536  4036
 4779  4279
 2509  2009
 1959  1459
 3936  3436
 4783  4283
 1842  1342
 3658  3158
 4985  4485
 4762  4262
 1417   917
 4754  4254
 1192   692
 4436  3936
 4518  4018
 2681  2181
 2814  2314
 1117   617
  921   421
 1536  1036
 1013   513
 2080  1580
  854   354
 1629  1129
 1881  1381
 1231   731
 4530  4030
 2774  2274
 5354  4854
 1577  1077
 3688  3188
 4085  3585
  790   290
 3629  3129
 4737  4237
 1807  1307
 1179   679
 3513  3013
 3569  3069
 4754  4254
 2890  2390
 5476  4976
 3150  2650
 1427   927
 2375  1875
 5340  4840
 4588  4088
 3826  3326
 4357  3857
  628   128
 3332  2832
 3122  2622
  558    58
 4958  4458
 5355  4855
 5065  4565
 3744  3244
 4129  3629
 2374  1874
 1000   500
  668   168
 1967  1467
 1675  1175
  527    27
 1440   940
 5478  4978
 1923  1423
  745   245
 5019  4519
 4561  4061
 4652  4152
 1935  1435
 4576  4076
  802   302
  971   471
 5251  4751
 5204  4704
 4958  4458
 2991  2491
 4595  4095
 3098  2598
 2676  2176
 1912  1412
 1952  1452
 1094   594
 2420  1920
 1829  1329
 1923  1423
 1663  1163
 5409  4909
  957   457
 1891  1391
 3405  2905
 3754  3254
 5150  4650
 4037  3537
 2633  2133
 4034  3534
 1754  1254
 4472  3972
 3364  2864
 5186  4686
 4567  4067
 5011  4511
 2056  1556
 3952  3452
 4133  3633
 4422  3922
 5290  4790
 4559  4059
 1938  1438
 4970  4470
 4121  3621
 2586  2086
 2897  2397
 5358  4858
 1825  1325
 2574  2074
 4770  4270
 4663  4163
 4448  3948
 3683  3183
 1827  1327
 5042  4542
 2530  2030
 4190  3690
 2011  1511
 1241   741
 4727  4227
 5142  4642
 3807  3307
 4497  3997
 3225  2725
 3265  2765
 3230  2730
 3420  2920
 5188  4688
 5219  4719
  791   291
 1079   579
 1294   794
 1619  1119
 1530  1030
 4626  4126
 3775  3275
 1897  1397
 3764  3264
  583    83
  586    86
 5407  4907
  764   264
  537    37
 4632  4132
 1076   576
 1714  1214
 3979  3479
 2230  1730
 3615  3115
 5351  4851
 2361  1861
 2149  1649
 2198  1698
 3800  3300
 2575  2075
 4903  4403
 3298  2798
 3068  2568
 3621  3121
 2489  1989
 2927  2427
  557    57
  891   391
 4508  4008
 4677  4177
  939   439
 5327  4827
  910   410
 2870  2370
 4324  3824
 5160  4660
 1245   745
 2261  1761
  808   308
 4589  4089
 2684  2184
 3887  3387
 4808  4308
 3463  2963
 3502  3002
 4329  3829
  846   346
 3880  3380
 3006  2506
 2285  1785
 5008  4508
 2767  2267
 2633  2133
 2618  2118
 5454  4954
 1698  1198
 5188  4688
 2830  2330
 3619  3119
 3902  3402
 2759  2259
 1731  1231
 5497  4997
 5173  4673
 5347  4847
 2756  2256
 2221  1721
 2060  1560
  671   171
 1003   503
 1857  1357
 2632  2132
  710   210
  816   316
  872   372
 1261   761
 1365   865
