900 7976
  801     1
 4919  4119
 1352   552
 1539   739
 4663  3863
 8405  7605
 2986  2186
 7470  6670
 7357  6557
 5819  5019
 2202  1402
 5714  4914
 4682  3882
 1290   490
 2238  1438
 3233  2433
 6431  5631
 2880  2080
 1663   863
 4498  3698
 1405   605
 6411  5611
 1325   525
 4610  3810
 4128  3328
 8255  7455
 2896  2096
 1588   788
 3739  2939
 1315   515
 7756  6956
 3449  2649
 5841  5041
 6886  6086
 4015  3215
 3563  2763
 7373  6573
 2863  2063
 1499   699
 3219  2419
 2623  1823
 5394  4594
 8075  7275
 8682  7882
 3668  2868
 4958  4158
 1859  1059
 8445  7645
 1008   208
 3795  2995
 7704  6904
 6761  5961
 5195  4395
 5297  4497
 3225  2425
 8454  7654
 5413  4613
 3243  2443
 5785  4985
 7393  6593
 7143  6343
 8251  7451
 6490  5690
 7201  6401
 2904  2104
 3023  2223
 1816  1016
 7434  6634
 7864  7064
 6753  5953
 6447  5647
 6368  5568
 5245  4445
 3428  2628
 6057  5257
 7779  6979
 3687  2887
 4058  3258
 3368  2568
 7353  6553
 2882  2082
 7874  7074
 8749  7949
 4906  4106
 4344  3544
 3055  2255
 8514  7714
 2949  2149
 1040   240
 5812  5012
 5642  4842
 7071  6271
 6663  5863
 8572  7772
 4451  3651
 3387  2587
 4297  3497
 4022  3222
 8373  7573
  837    37
 7628  6828
 6637  5837
 3546  2746
 4025  3225
 7114  6314
 8117  7317
 6762  5962
 5345  4545
 4313  3513
 2881  2081
 6817  6017
 6267  5467
 4328  3528
 8722  7922
 2927  2127
 1784   984
 5592  4792
 7498  6698
 2013  1213
 3745  2945
 3828  3028
 5535  4735
 8727  7927
 3349  2549
 4751  3951
 2858  2058
 1434   634
 2861  2061
 2809  2009
 8287  7487
 1083   283
 5184  4384
 1565   765
 7256  6456
 4753  3953
 6402  5602
 7034  6234
 4170  3370
 5632  4832
 8647  7847
 3324  2524
 4312  3512
 5219  4419
 1894  1094
 2038  1238
 3462  2662
 2325  1525
 4472  3672
 2559  1759
 1094   294
 2972  2172
 4608  3808
 6758  5958
 6574  5774
 8435  7635
 6628  5828
 6099  5299
 3531  2731
 5235  4435
 2522  1722
 7995  7195
 4687  3887
 7901  7101
 3358  2558
 7167  6367
 4005  3205
 8262  7462
 5407  4607
 6050  5250
 2661  1861
 6495  5695
 7290  6490
 8229  7429
 3235  2435
 7648  6848
 2013  1213
 3137  2337
 3682  2882
 2641  1841
 4942  4142
 8705  7905
 1318   518
 4981  4181
 1156   356
 3001  2201
 6503  5703
 6035  5235
 4531  3731
 4326  3526
 7394  6594
 1058   258
 5669  4869
 3940  3140
 2825  2025
 3152  2352
 3460  2660
 6150  5350
 1050   250
 2031  1231
  820    20
 7509  6709
 3341  2541
  893    93
 2781  1981
 3624  2824
 6374  5574
 1614   814
 2822  2022
 1821  1021
 3051  2251
 1880  1080
 4317  3517
 8177  7377
 5424  4624
 8411  7611
 1619   819
 6081  5281
 2638  1838
 8043  7243
 1636   836
 5150  4350
 6258  5458
 7131  6331
 8116  7316
 8327  7527
 6225  5425
 1288   488
 7061  6261
 1413   613
 3193  2393
 6399  5599
  869    69
 5352  4552
 7043  6243
 7564  6764
 3924  3124
 6617  5817
 8357  7557
 7520  6720
 8132  7332
 3676  2876
 5412  4612
 2654  1854
 4297  3497
 7525  6725
 8294  7494
 1346   546
 5008  4208
 5203  4403
 5989  5189
 5358  4558
 8155  7355
 4237  3437
 2880  2080
  851    51
 4394  3594
 1528   728
 4715  3915
 1016   216
 1014   214
 8466  7666
 7879  7079
  874    74
 4886  4086
 2670  1870
 2829  2029
 7040  6240
 8069  7269
 8204  7404
 4579  3779
 1866  1066
  827    27
 6036  5236
 5777  4977
 2774  1974
 2487  1687
 3375  2575
 6029  5229
 1502   702
 1374   574
 6659  5859
 1330   530
 8209  7409
 5565  4765
 2505  1705
 7567  6767
 3260  2460
 6763  5963
 1228   428
 7900  7100
 3221  2421
 2378  1578
 1599   799
 8584  7784
 6628  5828
 5164  4364
 1148   348
 4846  4046
 3727  2927
 1937  1137
 2517  1717
 3365  2565
 6976  6176
 2382  1582
 6169  5369
 1910  1110
 5429  4629
 3722  2922
 2917  2117
 4649  3849
 7651  6851
 2147  1347
 6051  5251
 8760  7960
 4360  3560
 4014  3214
 6372  5572
 2981  2181
 2700  1900
 3995  3195
 8342  7542
 1511   711
 4179  3379
 7478  6678
 3362  2562
 8703  7903
 8354  7554
 4425  3625
  868    68
 5418  4618
 1387   587
 6239  5439
 5000  4200
 7343  6543
  950   150
 2467  1667
 4670  3870
 3288  2488
 6318  5518
 1255   455
 5785  4985
 7805  7005
 3398  2598
 6018  5218
 6857  6057
 2555  1755
 7494  6694
 2577  1777
 8691  7891
 2820  2020
 7542  6742
 6173  5373
 8234  7434
 5393  4593
 3365  2565
 5789  4989
 7821  7021
 1586   786
 2454  1654
 6482  5682
 8637  7837
 6149  5349
 6472  5672
 5392  4592
 5752  4952
 1541   741
 7585  6785
 6365  5565
 7255  6455
 6714  5914
 3830  3030
 5490  4690
 4448  3648
 1614   814
 8057  7257
 7006  6206
 3529  2729
 1536   736
 2560  1760
 3914  3114
 1418   618
 3889  3089
 1646   846
 8471  7671
 6365  5565
 1180   380
 3520  2720
 2148  1348
 3029  2229
 5411  4611
 5494  4694
 2091  1291
 6616  5816
 4740  3940
 2459  1659
 2827  2027
 3451  2651
 3946  3146
  947   147
 7712  6912
 7736  6936
 4896  4096
  961   161
 4174  3374
 2318  1518
 8352  7552
 2034  1234
 1757   957
 1078   278
 3594  2794
 1001   201
 5886  5086
 5309  4509
 7536  6736
 7592  6792
 7020  6220
 2051  1251
 7438  6638
 3928  3128
 1774   974
 1294   494
 5079  4279
 4405  3605
 7353  6553
 5964  5164
 4266  3466
 2328  1528
 2354  1554
 3875  3075
 4068  3268
 1954  1154
 5584  4784
 5943  5143
 5263  4463
 7298  6498
 2464  1664
 7479  6679
 4215  3415
 6692  5892
 5602  4802
 2276  1476
 1949  1149
 7927  7127
 2833  2033
 8480  7680
 4741  3941
 2968  2168
 6528  5728
 2926  2126
 5162  4362
 3872  3072
 2464  1664
 5260  4460
 5970  5170
 5895  5095
 5342  4542
 1258   458
 1596   796
 1907  1107
 3881  3081
 8198  7398
 4085  3285
 3681  2881
 3089  2289
 5861  5061
 7369  6569
 5039  4239
 1163   363
 7855  7055
 3543  2743
 8579  7779
 4945  4145
 6568  5768
 7294  6494
 5532  4732
 4262  3462
 5767  4967
 1523   723
 6835  6035
 5111  4311
 1845  1045
 3509  2709
 3277  2477
  925   125
 6307  5507
 4695  3895
 8480  7680
 8319  7519
 3144  2344
 8700  7900
 2207  1407
  853    53
 4214  3414
 4130  3330
 6820  6020
 5191  4391
 8408  7608
 8404  7604
 4793  3993
 7028  6228
 8074  7274
 5187  4387
 4931  4131
 7630  6830
 5525  4725
 4207  3407
 4620  3820
 5026  4226
 5574  4774
 2112  1312
 6316  5516
 4213  3413
 3177  2377
 5041  4241
 6674  5874
 8394  7594
 8615  7815
 6188  5388
 1332   532
 1473   673
 2681  1881
 1264   464
 6033  5233
 8409  7609
 3336  2536
 3886  3086
 8031  7231
 2326  1526
 5987  5187
 4532  3732
 7831  7031
 7614  6814
 8092  7292
 7552  6752
 1241   441
 8509  7709
 6847  6047
  823    23
 4796  3996
 7592  6792
 3632  2832
 7086  6286
 5046  4246
 6558  5758
 3808  3008
 6756  5956
 4773  3973
 1483   683
 4396  3596
 3219  2419
 4664  3864
 5702  4902
 3026  2226
 4059  3259
 4925  4125
 5530  4730
 6736  5936
 4575  3775
 5319  4519
 8226  7426
 1371   571
 5483  4683
 3579  2779
 6413  5613
 8697  7897
 3026  2226
 7095  6295
 7938  7138
 2043  1243
 1815  1015
 7968  7168
 2589  1789
 2267  1467
 4545  3745
 3399  2599
 2006  1206
 4782  3982
 2706  1906
 4024  3224
 2115  1315
 5381  4581
 5968  5168
  926   126
 1844  1044
 1446   646
 2370  1570
 2838  2038
 5116  4316
 3298  2498
 3063  2263
  974   174
 3535  2735
 7827  7027
 1791   991
 1370   570
 5319  4519
 1972  1172
 4477  3677
 5779  4979
 7681  6881
 1181   381
 6548  5748
 5100  4300
 2468  1668
 7897  7097
 5887  5087
 5075  4275
 8385  7585
 8229  7429
 1597   797
 6271  5471
 5398  4598
 3400  2600
 5289  4489
 7452  6652
 8301  7501
 3466  2666
 1256   456
 8465  7665
 6946  6146
 7442  6642
 8187  7387
 1002   202
 7169  6369
 2400  1600
 8436  7636
 2151  1351
 5454  4654
 3171  2371
 4549  3749
 5024  4224
 8606  7806
 2167  1367
 4851  4051
 4307  3507
 1826  1026
 3071  2271
 7850  7050
 2124  1324
 6852  6052
 2716  1916
 3627  2827
 2671  1871
 5033  4233
 6023  5223
 8672  7872
 8229  7429
 3991  3191
 8081  7281
 1937  1137
 2657  1857
 2160  1360
  820    20
 7470  6670
 1614   814
 2333  1533
 1428   628
 2892  2092
 7639  6839
 1478   678
 3544  2744
 2541  1741
 6930  6130
 8573  7773
 6304  5504
 1016   216
 3530  2730
 3450  2650
 7266  6466
 3911  3111
 4775  3975
 7233  6433
 7972  7172
 2079  1279
 6844  6044
 3040  2240
 5976  5176
 4091  3291
 5997  5197
 2836  2036
 8079  7279
 7809  7009
 3259  2459
 4236  3436
 5083  4283
 5142  4342
 6958  6158
 1285   485
 5062  4262
 8717  7917
 1054   254
 1492   692
 5736  4936
 5818  5018
 5981  5181
 2114  1314
 5417  4617
 5221  4421
  836    36
 7313  6513
 7380  6580
 8154  7354
 3929  3129
 1181   381
 8531  7731
 4830  4030
 2074  1274
 2654  1854
 4877  4077
 4988  4188
 1385   585
 6090  5290
 3929  3129
 7037  6237
 1107   307
 3479  2679
 6813  6013
 2869  2069
 5054  4254
 4190  3390
 8776  7976
 3450  2650
 7727  6927
 3675  2875
 1640   840
 3888  3088
 3126  2326
 8657  7857
 5928  5128
 5632  4832
 2422  1622
 6858  6058
 1258   458
 7655  6855
 1365   565
 2044  1244
 2429  1629
 5674  4874
 2300  1500
  968   168
 6267  5467
 7975  7175
 2827  2027
 3740  2940
 3778  2978
 1223   423
 6045  5245
 3319  2519
 6861  6061
 7952  7152
 5235  4435
 4876  4076
 5102  4302
 5271  4471
 7551  6751
 5504  4704
 1258   458
 6291  5491
 2895  2095
 8398  7598
 4976  4176
 3212  2412
 7252  6452
 8394  7594
 1720   920
 6129  5329
 6223  5423
  963   163
 6709  5909
 5257  4457
 7191  6391
 8705  7905
 8054  7254
 8450  7650
 3337  2537
 5933  5133
 2334  1534
 6054  5254
 5772  4972
 3664  2864
 7486  6686
 5867  5067
 5311  4511
 2356  1556
 2252  1452
 3433  2633
 6722  5922
 7590  6790
 1859  1059
 3238  2438
 2270  1470
 3421  2621
 4886  4086
 5197  4397
 8658  7858
 3125  2325
 1874  1074
 3070  2270
 3963  3163
 1748   948
 3983  3183
 8127  7327
 5342  4542
 6830  6030
 1490   690
 7311  6511
 3541  2741
 5027  4227
 5442  4642
 6107  5307
 3797  2997
 3525  2725
 2565  1765
 3530  2730
 5720  4920
 2488  1688
 6519  5719
 7091  6291
 6379  5579
 4594  3794
 6919  6119
 6830  6030
 3926  3126
 7075  6275
 1197   397
 5064  4264
 6883  6083
 3886  3086
 5707  4907
 2064  1264
 5837  5037
 6932  6132
 1376   576
 8014  7214
 6279  5479
 4530  3730
 2915  2115
 5651  4851
 2661  1861
 4449  3649
 2498  1698
 5100  4300
  875    75
 6203  5403
 4598  3798
 8368  7568
 7921  7121
 1789   989
 4227  3427
 4857  4057
 6191  5391
 4808  4008
 3977  3177
 8239  7439
 3627  2827
 6210  5410
 4170  3370
 2624  1824
 6460  5660
 3545  2745
 5561  4761
 8108  7308
  889    89
 2984  2184
 8187  7387
 2108  1308
 5763  4963
 2802  2002
 5629  4829
 8146  7346
 3180  2380
 7306  6506
 1585   785
 1308   508
 8067  7267
 6933  6133
 2918  2118
 6754  5954
 7998  7198
 8488  7688
 8130  7330
 1919  1119
 3202  2402
 2059  1259
 8031  7231
 2797  1997
 3473  2673
 7647  6847
 5056  4256
 6521  5721
 1360   560
 2971  2171
 8303  7503
 3157  2357
 2932  2132
 1010   210
 8116  7316
 4172  3372
 7561  6761
 3665  2865
