700 17981
 1801     1
11919 10119
10352  8552
10539  8739
11663  9863
19405 17605
17986 16186
 6470  4670
14357 12557
18819 17019
 3202  1402
18714 16914
 3682  1882
 6290  4490
 7238  5438
16233 14433
19431 17631
 1880    80
18663 16863
 7498  5698
 6405  4605
17411 15611
 4325  2525
15610 13810
17128 15328
 7255  5455
11896 10096
16588 14788
 6739  4939
14315 12515
16756 14956
10449  8649
 4841  3041
 7886  6086
13015 11215
10563  8763
 8373  6573
13863 12063
 4499  2699
10219  8419
 9623  7823
 2394   594
 3075  1275
11682  9882
 2668   868
15958 14158
14859 13059
 7445  5645
16008 14208
 4795  2995
16704 14904
 9761  7961
12195 10395
18297 16497
14225 12425
 5454  3654
12413 10613
10243  8443
 6785  4985
14393 12593
 6143  4343
 5251  3451
 3490  1690
10201  8401
 1904   104
18023 16223
10816  9016
 8434  6634
 6864  5064
19753 17953
19447 17647
11368  9568
 8245  6445
12428 10628
11057  9257
18779 16979
 2687   887
11058  9258
12368 10568
18353 16553
11882 10082
14874 13074
 3749  1949
13906 12106
 3344  1544
18055 16255
11514  9714
15949 14149
16040 14240
12812 11012
 8642  6842
 4071  2271
17663 15863
15572 13772
11451  9651
10387  8587
 7297  5497
 3022  1222
15373 13573
11837 10037
14628 12828
17637 15837
 2546   746
 3025  1225
 6114  4314
 9117  7317
19762 17962
16345 14545
15313 13513
 1881    81
17817 16017
19267 17467
 3328  1528
11722  9922
 9927  8127
 8784  6984
18592 16792
12498 10698
 7013  5213
14745 12945
 6828  5028
14535 12735
 9727  7927
16349 14549
11751  9951
 3858  2058
18434 16634
 5861  4061
15809 14009
 7287  5487
 2083   283
18184 16384
 4565  2765
 8256  6456
19753 17953
11402  9602
 6034  4234
15170 13370
12632 10832
 3647  1847
14324 12524
11312  9512
12219 10419
18894 17094
11038  9238
10462  8662
15325 13525
 3472  1672
 9559  7759
10094  8294
 7972  6172
 7608  5808
17758 15958
 5574  3774
15435 13635
 9628  7828
 3099  1299
18531 16731
16235 14435
 3522  1722
12995 11195
 7687  5887
18901 17101
 6358  4558
 6167  4367
 5005  3205
13262 11462
16407 14607
11050  9250
11661  9861
 9495  7695
 6290  4490
13229 11429
12235 10435
12648 10848
11013  9213
12137 10337
 8682  6882
19641 17841
17942 16142
 7705  5905
16318 14518
17981 16181
18156 16356
 4001  2201
 5503  3703
13035 11235
19531 17731
 9326  7526
 4394  2594
 2058   258
 2669   869
10940  9140
 7825  6025
 6152  4352
 8460  6660
19150 17350
 2050   250
13031 11231
13820 12020
18509 16709
14341 12541
 1893    93
19781 17981
18624 16824
17374 15574
 6614  4814
17822 16022
18821 17021
14051 12251
18880 17080
17317 15517
17177 15377
 6424  4624
19411 17611
 2619   819
13081 11281
 9638  7838
17043 15243
18636 16836
 2150   350
19258 17458
 8131  6331
11116  9316
 9327  7527
 5225  3425
 4288  2488
14061 12261
18413 16613
 8193  6393
11399  9599
 7869  6069
14352 12552
10043  8243
14564 12764
14924 13124
 5617  3817
 7357  5557
10520  8720
17132 15332
 4676  2876
 2412   612
17654 15854
 7297  5497
14525 12725
 3294  1494
16346 14546
14008 12208
 4203  2403
16989 15189
 8358  6558
 9155  7355
 9237  7437
 5880  4080
 9851  8051
19394 17594
 4528  2728
 7715  5915
 2016   216
18014 16214
15466 13666
10879  9079
 7874  6074
13886 12086
15670 13870
11829 10029
 8040  6240
 7069  5269
13204 11404
 3579  1779
18866 17066
 9827  8027
 5036  3236
18777 16977
13774 11974
 7487  5687
 2375   575
 9029  7229
 6502  4702
 8374  6574
15659 13859
12330 10530
19209 17409
14565 12765
11505  9705
16567 14767
 6260  4460
 3763  1963
 4228  2428
 4900  3100
 6221  4421
11378  9578
10599  8799
13584 11784
 3628  1828
 2164   364
 4148  2348
15846 14046
 6727  4927
10937  9137
17517 15717
 6365  4565
 5976  4176
19382 17582
17169 15369
16910 15110
 8429  6629
18722 16922
 9917  8117
15649 13849
10651  8851
13147 11347
13051 11251
19760 17960
19360 17560
 7014  5214
 7372  5572
 3981  2181
17700 15900
14995 13195
 5342  3542
12511 10711
17179 15379
14478 12678
 8362  6562
19703 17903
 7354  5554
 5425  3625
17868 16068
18418 16618
 8387  6587
17239 15439
 6000  4200
 8343  6543
 9950  8150
 7467  5667
17670 15870
 4288  2488
 9318  7518
12255 10455
14785 12985
18805 17005
 2398   598
11018  9218
 1857    57
 3555  1755
16494 14694
15577 13777
11691  9891
 1820    20
18542 16742
19173 17373
15234 13434
 8393  6593
 8365  6565
18789 16989
 4821  3021
 4586  2786
19454 17654
 3482  1682
11637  9837
 3149  1349
19472 17672
14392 12592
 8752  6952
10541  8741
14585 12785
 5365  3565
 4255  2455
 9714  7914
 4830  3030
 4490  2690
17448 15648
16614 14814
 9057  7257
14006 12206
10529  8729
 2536   736
 9560  7760
 2914  1114
 8418  6618
 6889  5089
16646 14846
11471  9671
 3365  1565
 4180  2380
18520 16720
 7148  5348
12029 10229
 4411  2611
12494 10694
 7091  5291
 5616  3816
 3740  1940
 9459  7659
 1827    27
 8451  6651
18946 17146
15947 14147
10712  8912
16736 14936
 1896    96
15961 14161
 9174  7374
19318 17518
17352 15552
17034 15234
14757 12957
 2078   278
14594 12794
 4001  2201
18886 17086
 8309  6509
 4536  2736
 4592  2792
 8020  6220
13051 11251
18438 16638
18928 17128
16774 14974
10294  8494
 2079   279
 3405  1605
18353 16553
10964  9164
11266  9466
15328 13528
19354 17554
 6875  5075
 5068  3268
 4954  3154
 8584  6784
18943 17143
10263  8463
 6298  4498
19464 17664
16479 14679
 3215  1415
19692 17892
10602  8802
 3276  1476
14949 13149
10927  9127
11833 10033
 3480  1680
11741  9941
11968 10168
11528  9728
 3926  2126
 2162   362
12872 11072
 5464  3664
18260 16460
 8970  7170
12895 11095
 6342  4542
18258 16458
 8596  6796
 6907  5107
16881 15081
15198 13398
13085 11285
12681 10881
 8089  6289
16861 15061
18369 16569
12039 10239
16163 14363
 2855  1055
12543 10743
17579 15779
13945 12145
13568 11768
16294 14494
 6532  4732
17262 15462
 8767  6967
14523 12723
 7835  6035
 2111   311
14845 13045
18509 16709
14277 12477
 3925  2125
15307 13507
15695 13895
 7480  5680
19319 17519
10144  8344
 7700  5900
 9207  7407
17853 16053
17214 15414
 7130  5330
 9820  8020
 4191  2391
 3408  1608
 9404  7604
 7793  5993
18028 16228
 5074  3274
18187 16387
15931 14131
 6630  4830
14525 12725
 3207  1407
 5620  3820
14026 12226
12574 10774
17112 15312
19316 17516
17213 15413
 6177  4377
18041 16241
19674 17874
 5394  3594
17615 15815
 7188  5388
 4332  2532
14473 12673
 3681  1881
 4264  2464
 3033  1233
11409  9609
 2336   536
12886 11086
 9031  7231
 9326  7526
 4987  3187
 3532  1732
12831 11031
 8614  6814
19092 17292
 4552  2752
16241 14441
11509  9709
 1847    47
11823 10023
15796 13996
10592  8792
 6632  4832
14086 12286
 8046  6246
 7558  5758
 6808  5008
 3756  1956
 3773  1973
12483 10683
15396 13596
 6219  4419
 7664  5864
 2702   902
12026 10226
 5059  3259
 3925  2125
18530 16730
 3736  1936
 5575  3775
 2319   519
11226  9426
16371 14571
10483  8683
12579 10779
11413  9613
 5697  3897
 6026  4226
 4095  2295
 8938  7138
19043 17243
10815  9015
 2968  1168
13589 11789
13267 11467
15545 13745
 4399  2599
11006  9206
13782 11982
 3706  1906
 7024  5224
 5115  3315
18381 16581
16968 15168
 5926  4126
10844  9044
 6446  4646
19370 17570
15838 14038
18116 16316
14298 12498
16063 14263
 5974  4174
10535  8735
 8827  7027
12791 10991
16370 14570
 8319  6519
 4972  3172
11477  9677
10779  8979
12681 10881
16181 14381
13548 11748
 2100   300
 5468  3668
 4897  3097
18887 17087
10075  8275
 9385  7585
 7229  5429
10597  8797
13271 11471
 4398  2598
18400 16600
16289 14489
 6452  4652
 3301  1501
12466 10666
 8256  6456
19465 17665
 5946  4146
18442 16642
11187  9387
 2002   202
10169  8369
11400  9600
15436 13636
 3151  1351
 4454  2654
 8171  6371
 3549  1749
 6024  4224
13606 11806
13167 11367
 1851    51
15307 13507
 2826  1026
10071  8271
10850  9050
 5124  3324
 3852  2052
17716 15916
 8627  6827
 7671  5871
16033 14233
 7023  5223
15672 13872
 9229  7429
 4991  3191
19081 17281
12937 11137
 7657  5857
 9160  7360
 3820  2020
 4470  2670
 2614   814
13333 11533
 8428  6628
 1892    92
18639 16839
 6478  4678
 8544  6744
 7541  5741
 3930  2130
 9573  7773
19304 17504
 6016  4216
12530 10730
 2450   650
 6266  4466
10911  9111
11775  9975
 6233  4433
 8972  7172
 5079  3279
 5844  4044
16040 14240
 4976  3176
13091 11291
14997 13197
17836 16036
11079  9279
18809 17009
18259 16459
19236 17436
14083 12283
12142 10342
 5958  4158
 6285  4485
 2062   262
19717 17917
12054 10254
 6492  4692
 6736  4936
 6818  5018
18981 17181
13114 11314
16417 14617
 8221  6421
 9836  8036
18313 16513
